0 0.501953 0.571528 0.042969 0.073611
0 0.680469 0.640278 0.054688 0.083333
0 0.553125 0.215972 0.048438 0.093056
1 0.628125 0.401389 0.056250 0.108333
1 0.703906 0.762500 0.050000 0.088889
0 0.542969 0.263194 0.035937 0.073611
1 0.601172 0.414583 0.055469 0.098611
1 0.669531 0.710417 0.042188 0.095833
0 0.548330 0.243750 0.043937 0.084375
1 0.611599 0.405469 0.056239 0.104688
1 0.681459 0.726562 0.048330 0.096875
1 0.642188 0.678472 0.070312 0.140278
1 0.596094 0.429861 0.048438 0.073611
1 0.638281 0.354167 0.045312 0.091667
1 0.120703 0.595139 0.057031 0.090278
0 0.120313 0.589583 0.057813 0.118056
0 0.021384 0.514523 0.041213 0.149378
0 0.025787 0.576190 0.050234 0.142857
1 0.769141 0.770139 0.061719 0.140278
1 0.601172 0.273611 0.042969 0.077778
1 0.739062 0.679861 0.053125 0.106944
1 0.956641 0.631250 0.046094 0.109722
1 0.674219 0.403472 0.050000 0.098611
1 0.988672 0.561111 0.022656 0.105556
0 0.728516 0.700000 0.050781 0.072222
0 0.722656 0.675694 0.046875 0.095833
1 0.421875 0.397222 0.035937 0.080556
1 0.708203 0.500694 0.039844 0.104167
1 0.552344 0.393056 0.020313 0.061111
0 0.056641 0.650694 0.071094 0.118056
0 0.045312 0.622917 0.065625 0.154167
1 0.880469 0.697222 0.051562 0.119444
2 0.629687 0.370833 0.071875 0.119444
2 0.317370 0.315756 0.060043 0.128335
2 0.359966 0.329008 0.075601 0.145038
2 0.330751 0.371212 0.074361 0.122590
2 0.758594 0.430556 0.068750 0.097222
2 0.613281 0.395833 0.051562 0.094444
2 0.374056 0.375610 0.065889 0.112195
2 0.464844 0.539583 0.059375 0.112500
1 0.913281 0.427083 0.051562 0.118056
0 0.400000 0.703472 0.057813 0.090278
0 0.350781 0.697917 0.057813 0.106944
0 0.541927 0.825123 0.058212 0.105911
1 0.449219 0.479167 0.042188 0.066667
0 0.432422 0.547222 0.049219 0.094444
0 0.422347 0.546012 0.049180 0.122699
0 0.401953 0.561111 0.052344 0.130556
0 0.033203 0.728472 0.042969 0.112500
1 0.555469 0.815278 0.068750 0.127778
1 0.445312 0.418750 0.042188 0.059722
1 0.451953 0.255556 0.038281 0.072222
1 0.808594 0.617361 0.065625 0.134722
1 0.180078 0.713194 0.057031 0.106944
0 0.435156 0.643750 0.028125 0.079167
0 0.439893 0.617687 0.034456 0.084354
0 0.342187 0.774306 0.029687 0.106944
0 0.130469 0.889583 0.060937 0.109722
0 0.922716 0.853566 0.048676 0.098634
0 0.785603 0.804590 0.053208 0.101530
0 0.094141 0.438194 0.042969 0.131944
0 0.086719 0.430556 0.050000 0.141667
0 0.943359 0.634028 0.058594 0.137500
0 0.864844 0.606944 0.039062 0.119444
0 0.040748 0.632027 0.052733 0.156729
1 0.308203 0.636806 0.063281 0.118056
1 0.831250 0.361111 0.037500 0.105556
1 0.267578 0.516667 0.036719 0.116667
1 0.728125 0.640278 0.059375 0.150000
1 0.315625 0.456944 0.040625 0.116667
1 0.136719 0.356250 0.051562 0.095833
1 0.755469 0.313194 0.056250 0.129167
2 0.505469 0.407639 0.059375 0.106944
1 0.495703 0.418056 0.052344 0.119444
0 0.200000 0.379861 0.060937 0.137500
0 0.214674 0.276167 0.065217 0.140097
0 0.151341 0.250681 0.071264 0.144414
0 0.802344 0.298611 0.039062 0.125000
0 0.122819 0.241315 0.044662 0.130273
0 0.730469 0.052083 0.034375 0.101389
0 0.246094 0.502083 0.054688 0.120833
0 0.255903 0.370095 0.051790 0.112314
0 0.302797 0.369007 0.054002 0.104452
1 0.282813 0.515278 0.064062 0.111111
1 0.228906 0.552778 0.059375 0.122222
1 0.485547 0.595139 0.057031 0.148611
0 0.312109 0.395139 0.046094 0.115278
0 0.410337 0.456825 0.037588 0.105850
0 0.318573 0.434251 0.035254 0.103976
0 0.045703 0.634028 0.028906 0.090278
0 0.575781 0.370139 0.032813 0.087500
0 0.583984 0.322222 0.032031 0.111111
0 0.010937 0.614583 0.020313 0.106944
0 0.421453 0.362613 0.032095 0.097598
0 0.963682 0.629880 0.028716 0.100601
0 0.062500 0.649306 0.039062 0.106944
0 0.284375 0.398611 0.037500 0.069444
0 0.461719 0.470139 0.021875 0.073611
0 0.705535 0.400806 0.039020 0.075806
0 0.528131 0.465323 0.030853 0.075806
0 0.916515 0.638710 0.032668 0.096774
0 0.654265 0.503226 0.029038 0.070968
0 0.496824 0.550806 0.022686 0.072581
0 0.843920 0.731452 0.029038 0.088710
2 0.512891 0.425000 0.057031 0.102778
2 0.472587 0.478022 0.049421 0.085165
2 0.506641 0.427083 0.046094 0.076389
2 0.401928 0.313830 0.059176 0.100473
2 0.377344 0.268056 0.046875 0.105556
2 0.498646 0.481348 0.053487 0.091456
2 0.421484 0.311111 0.061719 0.102778
0 0.505859 0.553472 0.064844 0.090278
1 0.375000 0.252778 0.039062 0.075000
1 0.429688 0.360417 0.040625 0.098611
1 0.568359 0.384722 0.027344 0.077778
0 0.105859 0.179861 0.022656 0.059722
0 0.246094 0.315278 0.042188 0.091667
0 0.237109 0.309722 0.038281 0.097222
0 0.083594 0.147917 0.023438 0.062500
0 0.205859 0.318750 0.041406 0.095833
0 0.050781 0.159722 0.028125 0.063889
0 0.255078 0.375000 0.046094 0.097222
0 0.114844 0.484722 0.034375 0.061111
0 0.408984 0.212500 0.036719 0.080556
1 0.119141 0.638889 0.050781 0.061111
2 0.368750 0.286806 0.042188 0.098611
2 0.612628 0.322816 0.038908 0.070388
2 0.391406 0.327083 0.037500 0.070833
2 0.542345 0.447178 0.042345 0.075253
2 0.391797 0.329861 0.036719 0.073611
2 0.622380 0.317308 0.046653 0.088942
2 0.619500 0.313650 0.039689 0.075153
2 0.546094 0.344444 0.042188 0.097222
1 0.548047 0.562500 0.057031 0.100000
1 0.819141 0.819444 0.052344 0.108333
1 0.279687 0.413889 0.050000 0.086111
1 0.157031 0.408333 0.043750 0.086111
1 0.188281 0.556944 0.053125 0.094444
0 0.496318 0.488355 0.054828 0.091703
0 0.511328 0.546528 0.066406 0.109722
0 0.507812 0.738194 0.070312 0.081944
1 0.373047 0.393750 0.033594 0.073611
1 0.650781 0.480556 0.045312 0.066667
0 0.282031 0.532639 0.032813 0.115278
0 0.316797 0.527083 0.033594 0.093056
0 0.318750 0.526389 0.029687 0.094444
1 0.154297 0.347917 0.039844 0.070833
1 0.462500 0.350694 0.042188 0.079167
1 0.076953 0.765972 0.050781 0.087500
0 0.833984 0.817361 0.053906 0.126389
0 0.149682 0.839806 0.057325 0.110032
0 0.953177 0.867013 0.053512 0.129272
1 0.574219 0.500694 0.039062 0.112500
1 0.364453 0.177083 0.030469 0.056944
2 0.335938 0.333333 0.039062 0.086111
1 0.245703 0.331250 0.025781 0.065278
2 0.547823 0.254442 0.036403 0.062183
1 0.510350 0.121827 0.025696 0.045685
1 0.626695 0.222081 0.017131 0.050761
1 0.678332 0.221465 0.031640 0.051107
1 0.795302 0.402896 0.016299 0.069847
2 0.701822 0.395230 0.046021 0.078365
2 0.412891 0.452083 0.057031 0.068056
1 0.299219 0.443750 0.020313 0.081944
1 0.449609 0.286111 0.039844 0.050000
2 0.384898 0.218433 0.044898 0.085631
1 0.286531 0.182874 0.021224 0.072569
1 0.433878 0.050798 0.031837 0.058055
2 0.653026 0.346212 0.046036 0.068182
1 0.627451 0.187879 0.028986 0.048485
1 0.738278 0.334848 0.017050 0.066667
2 0.364844 0.362500 0.037500 0.063889
1 0.291016 0.361806 0.016406 0.059722
1 0.389062 0.231250 0.023438 0.048611
2 0.479687 0.453472 0.045312 0.076389
1 0.520703 0.310417 0.028906 0.048611
1 0.382031 0.425000 0.018750 0.058333
1 0.402734 0.289583 0.044531 0.073611
1 0.370703 0.234722 0.044531 0.066667
0 0.526953 0.489583 0.016406 0.076389
0 0.499310 0.429448 0.025535 0.085890
1 0.392685 0.114110 0.041408 0.061350
1 0.392729 0.377193 0.036804 0.068581
0 0.557899 0.555024 0.027828 0.079745
0 0.459766 0.610417 0.080469 0.129167
0 0.506641 0.689583 0.058594 0.090278
0 0.489063 0.377083 0.046875 0.081944
1 0.374609 0.371528 0.038281 0.093056
1 0.938281 0.537500 0.034375 0.077778
0 0.404687 0.215972 0.023438 0.062500
0 0.386328 0.179861 0.016406 0.068056
0 0.599462 0.200820 0.023810 0.060109
0 0.617512 0.168716 0.024578 0.064208
1 0.040707 0.536885 0.035330 0.090164
1 0.632488 0.366803 0.040707 0.099727
1 0.394531 0.397917 0.034375 0.081944
1 0.866016 0.529861 0.024219 0.068056
0 0.420312 0.264583 0.020313 0.048611
0 0.406250 0.238889 0.020313 0.047222
0 0.160156 0.462500 0.043750 0.105556
0 0.574219 0.438889 0.046875 0.116667
0 0.564453 0.438889 0.055469 0.113889
0 0.071094 0.468056 0.043750 0.102778
0 0.561328 0.459028 0.041406 0.081944
0 0.212500 0.476389 0.029687 0.069444
1 0.438672 0.404861 0.036719 0.070833
1 0.473828 0.420139 0.041406 0.065278
1 0.731641 0.711111 0.063281 0.127778
1 0.982812 0.387500 0.034375 0.077778
1 0.461328 0.345833 0.042969 0.075000
1 0.168750 0.175000 0.015625 0.052778
1 0.285156 0.190278 0.017188 0.061111
1 0.367969 0.159028 0.021875 0.062500
2 0.322656 0.375000 0.051562 0.097222
2 0.351953 0.401389 0.039844 0.069444
2 0.303508 0.235369 0.055834 0.091603
2 0.104688 0.279861 0.045312 0.101389
2 0.394315 0.307642 0.045190 0.081606
2 0.415234 0.465972 0.052344 0.076389
2 0.240255 0.354860 0.045727 0.091877
2 0.616327 0.555152 0.047347 0.100145
1 0.401953 0.456944 0.057031 0.100000
1 0.911719 0.742361 0.032813 0.081944
1 0.431250 0.346528 0.035937 0.087500
1 0.064844 0.240972 0.014063 0.062500
1 0.439453 0.454861 0.047656 0.090278
0 0.502734 0.317361 0.046094 0.104167
0 0.596852 0.426829 0.044391 0.093257
1 0.417969 0.606250 0.062500 0.101389
1 0.772266 0.436806 0.047656 0.076389
1 0.769922 0.447222 0.047656 0.055556
1 0.288672 0.208333 0.038281 0.069444
1 0.380859 0.180556 0.028906 0.063889
1 0.768750 0.444444 0.040625 0.052778
1 0.330078 0.290278 0.036719 0.080556
1 0.776563 0.418056 0.039062 0.077778
1 0.261719 0.361111 0.046875 0.088889
1 0.798438 0.425000 0.037500 0.080556
1 0.039453 0.587500 0.024219 0.077778
1 0.029297 0.570833 0.035156 0.113889
1 0.255078 0.373611 0.046094 0.094444
1 0.783203 0.442361 0.042969 0.065278
1 0.041797 0.571528 0.028906 0.093056
1 0.230078 0.415972 0.049219 0.090278
1 0.780859 0.440278 0.038281 0.061111
1 0.752344 0.604167 0.045312 0.097222
1 0.037891 0.575694 0.036719 0.104167
1 0.176953 0.494444 0.050781 0.094444
1 0.512109 0.572222 0.038281 0.077778
1 0.782422 0.445833 0.042969 0.055556
1 0.139844 0.527083 0.050000 0.090278
2 0.026562 0.594444 0.048438 0.077778
1 0.371875 0.611806 0.043750 0.093056
1 0.339062 0.041667 0.018750 0.033333
1 0.776563 0.440278 0.043750 0.061111
2 0.204206 0.468637 0.042062 0.071170
1 0.299186 0.448130 0.032564 0.066345
1 0.474220 0.575392 0.027137 0.074789
1 0.499322 0.106755 0.014925 0.030157
1 0.816825 0.545235 0.029851 0.050663
2 0.028774 0.602922 0.056054 0.098274
1 0.155456 0.532537 0.053812 0.095618
1 0.411435 0.618194 0.045590 0.102258
1 0.866218 0.418327 0.047833 0.066401
1 0.119702 0.306834 0.046311 0.047420
1 0.538462 0.677127 0.048666 0.087866
1 0.804553 0.691771 0.050235 0.078103
2 0.916797 0.802650 0.054945 0.099024
1 0.656201 0.062064 0.020408 0.037657
2 0.104688 0.578472 0.040625 0.070833
1 0.201172 0.524306 0.038281 0.070833
1 0.389844 0.592361 0.032813 0.073611
1 0.732031 0.453472 0.037500 0.040278
1 0.364453 0.117361 0.017969 0.031944
1 0.213164 0.427527 0.040389 0.051862
1 0.626776 0.632979 0.038893 0.085106
1 0.860509 0.564495 0.042633 0.078457
2 0.974196 0.633644 0.050112 0.089096
1 0.670905 0.042553 0.017951 0.037234
1 0.774219 0.440972 0.040625 0.054167
1 0.151172 0.515278 0.052344 0.122222
1 0.032813 0.577778 0.043750 0.100000
1 0.373047 0.620139 0.042969 0.079167
0 0.405469 0.790972 0.067187 0.090278
1 0.125000 0.179861 0.023438 0.048611
1 0.776953 0.437500 0.044531 0.055556
1 0.378516 0.620139 0.039844 0.079167
1 0.153125 0.514583 0.048438 0.098611
1 0.017578 0.572917 0.032031 0.090278
1 0.148438 0.513194 0.051562 0.106944
1 0.850781 0.396528 0.034375 0.062500
1 0.020313 0.603472 0.032813 0.087500
1 0.019531 0.603472 0.037500 0.090278
1 0.157031 0.515972 0.056250 0.098611
1 0.782031 0.372222 0.034375 0.088889
1 0.018359 0.628472 0.033594 0.073611
1 0.157812 0.510417 0.051562 0.106944
1 0.300391 0.730556 0.044531 0.086111
1 0.905469 0.448611 0.040625 0.052778
1 0.330469 0.238194 0.050000 0.087500
1 0.241797 0.372917 0.058594 0.093056
0 0.447656 0.445833 0.014063 0.077778
0 0.515177 0.449025 0.025295 0.079460
1 0.307757 0.440780 0.053963 0.107946
0 0.530356 0.419975 0.027913 0.090571
1 0.313329 0.343052 0.054431 0.125310
1 0.096484 0.640972 0.067969 0.123611
1 0.320312 0.252778 0.040625 0.052778
0 0.338672 0.165972 0.025781 0.056944
0 0.261328 0.091667 0.030469 0.072222
1 0.234766 0.200694 0.041406 0.068056
1 0.379344 0.313894 0.036680 0.051458
0 0.404440 0.234134 0.025097 0.053173
1 0.344531 0.252083 0.040625 0.073611
1 0.360156 0.342361 0.056250 0.062500
0 0.583019 0.754195 0.045283 0.075503
0 0.409426 0.775510 0.051639 0.093294
1 0.402734 0.496528 0.049219 0.081944
1 0.339844 0.256944 0.053125 0.080556
1 0.346484 0.274306 0.036719 0.081944
1 0.159375 0.875000 0.051562 0.119444
1 0.312109 0.187500 0.039844 0.072222
1 0.503906 0.204167 0.029687 0.061111
1 0.196094 0.230556 0.021875 0.047222
1 0.185156 0.372917 0.056250 0.090278
1 0.387891 0.333333 0.039844 0.069444
1 0.403906 0.697222 0.062500 0.097222
1 0.416406 0.342361 0.053125 0.095833
1 0.346484 0.247917 0.032031 0.054167
1 0.649219 0.395833 0.048438 0.072222
1 0.123828 0.285417 0.027344 0.056944
1 0.196484 0.239583 0.022656 0.065278
1 0.814063 0.735417 0.056250 0.126389
1 0.908984 0.466667 0.046094 0.088889
1 0.910156 0.759722 0.062500 0.113889
1 0.037500 0.904861 0.051562 0.123611
0 0.546484 0.586806 0.041406 0.087500
0 0.495238 0.564175 0.033333 0.064880
0 0.819531 0.715972 0.053125 0.087500
0 0.385156 0.695833 0.039062 0.102778
0 0.471484 0.554861 0.049219 0.076389
1 0.557813 0.286111 0.034375 0.069444
1 0.438672 0.306944 0.041406 0.083333
1 0.376172 0.270139 0.036719 0.062500
1 0.441797 0.354167 0.036719 0.066667
1 0.613281 0.669444 0.057813 0.075000
1 0.450000 0.381250 0.053125 0.084722
1 0.517578 0.073611 0.022656 0.050000
1 0.796875 0.613194 0.068750 0.101389
1 0.881641 0.745139 0.033594 0.084722
1 0.602344 0.800694 0.045312 0.087500
1 0.521094 0.767361 0.043750 0.090278
1 0.373828 0.263194 0.041406 0.070833
1 0.670312 0.540278 0.050000 0.088889
1 0.406641 0.459028 0.046094 0.079167
0 0.462627 0.496774 0.038462 0.067097
1 0.569303 0.312903 0.023948 0.070968
1 0.358594 0.393750 0.028125 0.098611
0 0.269141 0.754861 0.042969 0.101389
1 0.422656 0.445139 0.040625 0.081944
1 0.302734 0.320139 0.042969 0.070833
1 0.150781 0.499306 0.045312 0.079167
1 0.505469 0.123611 0.028125 0.044444
1 0.627344 0.686806 0.065625 0.118056
1 0.526953 0.347917 0.030469 0.068056
1 0.298047 0.498611 0.047656 0.083333
1 0.033203 0.544444 0.038281 0.069444
1 0.263281 0.488194 0.060937 0.087500
1 0.346484 0.749306 0.063281 0.084722
1 0.023438 0.265972 0.023438 0.048611
1 0.319531 0.684028 0.071875 0.134722
1 0.213672 0.461111 0.030469 0.072222
1 0.307812 0.292361 0.042188 0.073611
1 0.495703 0.056250 0.013281 0.056944
1 0.273047 0.370139 0.050781 0.079167
1 0.343750 0.038194 0.028125 0.040278
1 0.494922 0.054167 0.013281 0.052778
1 0.142969 0.508333 0.051562 0.086111
1 0.510547 0.063889 0.024219 0.052778
1 0.314453 0.050694 0.016406 0.040278
0 0.482031 0.647917 0.053125 0.087500
1 0.415234 0.558333 0.053906 0.105556
1 0.522266 0.060417 0.016406 0.040278
1 0.622656 0.663889 0.060937 0.102778
1 0.898438 0.348611 0.034375 0.072222
1 0.672266 0.624306 0.049219 0.112500
1 0.181641 0.493056 0.049219 0.088889
1 0.642969 0.389583 0.037500 0.079167
1 0.133594 0.134722 0.025000 0.044444
1 0.189844 0.231250 0.032813 0.051389
1 0.390234 0.523611 0.038281 0.088889
1 0.521094 0.493056 0.056250 0.094444
1 0.501953 0.277778 0.042969 0.069444
0 0.612891 0.477778 0.047656 0.080556
0 0.623437 0.268056 0.028125 0.077778
0 0.563281 0.109722 0.025000 0.041667
0 0.676172 0.170139 0.016406 0.054167
1 0.382031 0.117361 0.015625 0.023611
1 0.238672 0.146528 0.016406 0.023611
0 0.384467 0.287088 0.025502 0.068681
0 0.395672 0.476648 0.043277 0.082418
0 0.442813 0.133929 0.026275 0.048077
0 0.336553 0.192308 0.017774 0.049451
1 0.608964 0.140110 0.015456 0.027473
1 0.743045 0.169643 0.014683 0.026099
0 0.532540 0.382934 0.036508 0.071932
0 0.528968 0.215797 0.023016 0.056417
0 0.469444 0.096615 0.023016 0.040903
0 0.562698 0.117066 0.017460 0.050776
0 0.607422 0.394444 0.049219 0.094444
1 0.379297 0.118056 0.017969 0.022222
2 0.983203 0.126389 0.013281 0.030556
0 0.584766 0.418056 0.030469 0.063889
1 0.399219 0.177083 0.015625 0.026389
0 0.591236 0.376163 0.041857 0.096512
1 0.334859 0.057558 0.018313 0.029070
0 0.557813 0.523611 0.054688 0.088889
1 0.379297 0.118750 0.016406 0.020833
2 0.965234 0.130556 0.014844 0.036111
0 0.439648 0.434272 0.044053 0.086072
0 0.666667 0.440645 0.055192 0.117419
1 0.544141 0.586111 0.044531 0.080556
1 0.126172 0.180556 0.014844 0.036111
1 0.384766 0.106944 0.016406 0.027778
1 0.418359 0.100000 0.014844 0.036111
0 0.473047 0.664583 0.055469 0.115278
0 0.590045 0.684084 0.038009 0.075563
2 0.440234 0.649306 0.061719 0.109722
0 0.606641 0.412500 0.050781 0.086111
1 0.383984 0.104167 0.017969 0.027778
0 0.451273 0.518721 0.043898 0.073323
0 0.522849 0.408005 0.051075 0.094385
1 0.280578 0.068698 0.016801 0.034648
0 0.650781 0.402778 0.035937 0.080556
1 0.590625 0.515972 0.029687 0.087500
0 0.312162 0.495994 0.042342 0.088141
0 0.663950 0.390971 0.041227 0.093697
0 0.557422 0.615972 0.067969 0.098611
0 0.491783 0.629386 0.046836 0.095029
0 0.545131 0.585915 0.059382 0.098592
1 0.589844 0.466667 0.054688 0.102778
1 0.079687 0.834028 0.056250 0.081944
0 0.957422 0.093750 0.010156 0.023611
0 0.796484 0.193056 0.010156 0.025000
1 0.403125 0.452083 0.053125 0.098611
2 0.228583 0.625887 0.066453 0.099291
2 0.274219 0.611702 0.055244 0.074468
2 0.325929 0.719880 0.053490 0.082329
2 0.275420 0.612589 0.054444 0.072695
2 0.312918 0.410362 0.057164 0.080592
2 0.210969 0.672872 0.071257 0.101064
2 0.756483 0.710952 0.070502 0.114901
2 0.267078 0.617486 0.058436 0.080146
1 0.171662 0.483796 0.095368 0.091049
1 0.434605 0.388117 0.119891 0.131173
1 0.590608 0.205021 0.048942 0.078103
1 0.629139 0.384454 0.087417 0.110644
1 0.031788 0.843838 0.060927 0.110644
1 0.764312 0.504292 0.059683 0.184549
1 0.576446 0.747346 0.108815 0.161359
2 0.441972 0.639535 0.060209 0.113178
2 0.451172 0.620139 0.046094 0.098611
2 0.451953 0.620139 0.047656 0.098611
2 0.234766 0.504167 0.057031 0.122222
2 0.386284 0.607587 0.051784 0.118159
2 0.525609 0.702985 0.052057 0.128358
2 0.404297 0.638889 0.053906 0.108333
1 0.475000 0.324306 0.051562 0.076389
1 0.437705 0.516667 0.101639 0.115873
0 0.423364 0.512862 0.106542 0.109325
0 0.367290 0.646302 0.136449 0.118971
0 0.581374 0.510886 0.081374 0.107309
1 0.573626 0.661885 0.079121 0.114754
2 0.672199 0.668199 0.091286 0.196691
2 0.685796 0.677143 0.109039 0.203810
2 0.365285 0.647160 0.095855 0.185886
2 0.304674 0.690687 0.121870 0.241685
2 0.647303 0.635110 0.094053 0.189338
2 0.265354 0.637029 0.121260 0.219665
2 0.681881 0.633272 0.099585 0.244485
2 0.455514 0.609817 0.086466 0.181364
1 0.146404 0.519538 0.118151 0.140320
1 0.409091 0.722902 0.093706 0.138112
1 0.625000 0.595388 0.089196 0.129979
1 0.803641 0.398340 0.067620 0.120332
1 0.667406 0.530398 0.050998 0.159329
1 0.480181 0.631347 0.077010 0.150110
1 0.535156 0.254167 0.039062 0.072222
2 0.698962 0.578891 0.071511 0.194030
2 0.591034 0.514031 0.067586 0.176020
2 0.304678 0.667056 0.065740 0.179907
2 0.319199 0.494553 0.063604 0.165577
2 0.648789 0.718550 0.068051 0.213220
2 0.681727 0.567718 0.054217 0.185529
2 0.651672 0.718550 0.048443 0.260128
2 0.288649 0.656000 0.075676 0.256000
2 0.799663 0.581994 0.131313 0.122186
2 0.204684 0.574903 0.120163 0.118677
2 0.138370 0.642626 0.147708 0.124797
2 0.824074 0.556270 0.126263 0.125402
2 0.713867 0.603545 0.119141 0.117537
2 0.843023 0.671528 0.145349 0.129167
1 0.471774 0.875000 0.330645 0.244444
1 0.562241 0.470526 0.076072 0.174737
1 0.641678 0.446389 0.078404 0.175055
1 0.521220 0.559623 0.076923 0.156904
1 0.915119 0.617155 0.034483 0.146444
1 0.786874 0.409766 0.069012 0.148620
1 0.705288 0.628668 0.104199 0.124153
1 0.396875 0.751389 0.051562 0.113889
1 0.189453 0.733333 0.052344 0.091667
1 0.445312 0.522222 0.059375 0.100000
1 0.128906 0.725000 0.046875 0.105556
1 0.128516 0.836806 0.061719 0.134722
1 0.681641 0.431250 0.039844 0.076389
1 0.503516 0.573611 0.044531 0.116667
0 0.063672 0.706944 0.049219 0.113889
0 0.070970 0.684473 0.056937 0.141026
1 0.294393 0.601838 0.088785 0.088821
1 0.420833 0.469183 0.105952 0.130971
0 0.588832 0.204783 0.038071 0.062780
0 0.693764 0.328084 0.042316 0.065617
0 0.618655 0.150224 0.046954 0.088191
1 0.413259 0.378882 0.100372 0.121118
1 0.259346 0.528418 0.091121 0.079877
2 0.863902 0.264209 0.071262 0.086022
1 0.298042 0.524155 0.072215 0.066023
2 0.804774 0.301932 0.059976 0.075684
1 0.343854 0.487627 0.089701 0.081514
2 0.937431 0.211063 0.069767 0.087336
1 0.272941 0.398764 0.089412 0.080371
2 0.925294 0.261206 0.069412 0.089645
2 0.233889 0.293860 0.058889 0.078947
1 0.741111 0.530702 0.075556 0.070175
1 0.254089 0.559140 0.096963 0.092166
2 0.926986 0.254992 0.073598 0.095238
2 0.133464 0.244863 0.055990 0.078767
1 0.617839 0.483733 0.069010 0.070205
1 0.290323 0.588742 0.070565 0.070199
2 0.791835 0.356291 0.057460 0.074172
1 0.264843 0.748819 0.117579 0.118110
2 0.837602 0.490551 0.087311 0.114961
1 0.264550 0.671735 0.100529 0.116279
2 0.809524 0.516100 0.079365 0.116279
1 0.364167 0.801054 0.112950 0.126482
2 0.889484 0.416996 0.084713 0.122530
1 0.273509 0.676242 0.111239 0.131988
2 0.847477 0.372671 0.084862 0.127329
1 0.222577 0.788184 0.095847 0.109510
2 0.734292 0.610231 0.073482 0.108069
1 0.704950 0.724230 0.120792 0.139224
2 0.073267 0.429050 0.087129 0.137885
1 0.385802 0.757095 0.117284 0.135225
2 0.954321 0.323873 0.091358 0.130217
1 0.306752 0.709449 0.091967 0.096063
2 0.784051 0.492913 0.075669 0.100787
0 0.467969 0.361111 0.051562 0.088889
2 0.836797 0.503882 0.084352 0.125776
2 0.957213 0.422360 0.085575 0.167702
2 0.935815 0.536705 0.118100 0.156607
2 0.107817 0.497432 0.102426 0.135274
2 0.937654 0.526646 0.082716 0.134796
2 0.784230 0.494565 0.079462 0.104037
2 0.843046 0.396465 0.086093 0.116162
2 0.860798 0.531209 0.077789 0.131339
1 0.125183 0.861769 0.115666 0.080569
1 0.194152 0.283742 0.067836 0.088957
0 0.327338 0.288372 0.086331 0.071318
0 0.290168 0.258140 0.083933 0.085271
0 0.292797 0.131579 0.076200 0.079622
0 0.507463 0.819172 0.111262 0.244009
0 0.506106 0.820261 0.116689 0.285403
0 0.512330 0.774257 0.099877 0.229703
1 0.434028 0.488051 0.159722 0.185662
1 0.482323 0.536247 0.070707 0.155650
2 0.442428 0.636106 0.076345 0.175803
2 0.567708 0.655056 0.093750 0.204494
2 0.497981 0.693089 0.064603 0.178862
2 0.584011 0.584016 0.070461 0.143443
2 0.454944 0.620038 0.058824 0.139887
2 0.412851 0.613839 0.078287 0.169643
2 0.448324 0.743671 0.061453 0.170886
2 0.468711 0.642722 0.083855 0.185255
0 0.311284 0.584404 0.067445 0.126606
0 0.239300 0.494495 0.068742 0.170642
0 0.379841 0.654032 0.083144 0.140323
1 0.332721 0.409851 0.094363 0.191450
0 0.294922 0.371528 0.046094 0.098611
0 0.470539 0.369760 0.042088 0.083832
1 0.300781 0.576389 0.054688 0.072222
2 0.669318 0.627767 0.079545 0.201207
2 0.658125 0.627212 0.091250 0.210177
2 0.666218 0.579762 0.061911 0.183333
2 0.506250 0.616700 0.092045 0.158954
2 0.665301 0.664649 0.084699 0.220339
2 0.623308 0.616438 0.091876 0.202055
2 0.677885 0.674617 0.082692 0.190801
2 0.388948 0.582700 0.069742 0.188213
1 0.440657 0.679117 0.083333 0.142615
1 0.612445 0.728880 0.065502 0.172888
0 0.282490 0.415240 0.058824 0.121575
0 0.333333 0.509076 0.055336 0.110561
0 0.263338 0.411815 0.075239 0.145548
1 0.076211 0.543074 0.098291 0.136824
1 0.968301 0.673745 0.061005 0.135135
1 0.946185 0.718623 0.077657 0.121457
1 0.160804 0.596192 0.080402 0.170341
1 0.379712 0.616438 0.058758 0.168297
1 0.230398 0.601626 0.067551 0.158537
1 0.467187 0.122222 0.021875 0.063889
1 0.463672 0.464583 0.064844 0.073611
1 0.367188 0.844444 0.087500 0.086111
1 0.710708 0.237349 0.081174 0.166265
1 0.628060 0.722538 0.133710 0.202652
1 0.392617 0.579051 0.093960 0.169960
1 0.811321 0.372294 0.057714 0.164502
1 0.659011 0.517442 0.098940 0.158915
1 0.233113 0.510730 0.076821 0.128755
1 0.678070 0.360619 0.131579 0.181416
0 0.792929 0.477427 0.072952 0.169300
0 0.819865 0.468397 0.068462 0.223476
0 0.317425 0.618304 0.064373 0.160714
1 0.236074 0.500000 0.119363 0.220833
1 0.878419 0.705153 0.100304 0.104962
0 0.889844 0.740972 0.053125 0.112500
0 0.377344 0.720139 0.035937 0.120833
0 0.669141 0.826389 0.035156 0.122222
0 0.220312 0.486111 0.046875 0.094444
0 0.564844 0.368750 0.023438 0.048611
1 0.582031 0.263889 0.040625 0.077778
1 0.676278 0.479757 0.041940 0.145749
1 0.681818 0.749436 0.090909 0.216704
1 0.228883 0.736458 0.073569 0.189583
1 0.226060 0.673745 0.075353 0.146718
1 0.762565 0.431689 0.114385 0.146110
1 0.681319 0.537182 0.084772 0.146771
1 0.495312 0.464583 0.046094 0.083333
1 0.980469 0.298611 0.027344 0.063889
2 0.907227 0.183333 0.019141 0.034722
1 0.907813 0.021875 0.014063 0.021528
1 0.494531 0.468403 0.039062 0.072917
1 0.899414 0.332986 0.021484 0.050694
2 0.839844 0.235764 0.017188 0.031250
1 0.838867 0.101736 0.010547 0.018750
1 0.494922 0.469097 0.034375 0.071528
1 0.899219 0.333333 0.021875 0.051389
1 0.839648 0.101042 0.010547 0.018750
2 0.838867 0.236111 0.016016 0.029167
1 0.467148 0.450935 0.031537 0.077103
1 0.067838 0.427862 0.020039 0.047313
2 0.114488 0.318633 0.016097 0.030958
1 0.103975 0.189252 0.010184 0.017523
1 0.461100 0.557567 0.043992 0.079652
1 0.901833 0.313903 0.022811 0.062998
2 0.828513 0.217234 0.017923 0.034757
1 0.819145 0.063360 0.011405 0.020999
1 0.493555 0.457639 0.051172 0.094444
2 0.965234 0.150000 0.018750 0.036111
1 0.391797 0.366667 0.041406 0.075000
0 0.521484 0.239583 0.032031 0.070833
0 0.589844 0.452778 0.040625 0.080556
0 0.427652 0.301213 0.037121 0.074124
0 0.398485 0.532345 0.037879 0.097035
0 0.485663 0.218949 0.037634 0.084395
0 0.435484 0.480892 0.046595 0.108280
1 0.759766 0.268750 0.039844 0.076389
1 0.241797 0.471528 0.058594 0.068056
1 0.513672 0.277778 0.038281 0.066667
1 0.759375 0.603472 0.042188 0.079167
1 0.388281 0.375694 0.039062 0.076389
2 0.553125 0.866667 0.070312 0.125000
1 0.883203 0.020139 0.017969 0.023611
2 0.453663 0.838305 0.060018 0.113030
1 0.148720 0.061224 0.016770 0.021978
2 0.560047 0.877964 0.080848 0.135286
2 0.476008 0.748294 0.055662 0.104096
2 0.333863 0.941301 0.074722 0.117397
2 0.531780 0.932982 0.061864 0.118976
1 0.217797 0.155873 0.016949 0.022590
2 0.731641 0.916667 0.063281 0.108333
1 0.494531 0.122917 0.040625 0.073611
1 0.883984 0.012500 0.014844 0.022222
1 0.502734 0.168750 0.039844 0.068056
1 0.884375 0.011806 0.014063 0.020833
1 0.523828 0.165278 0.033594 0.086111
1 0.884375 0.011806 0.009375 0.018056
1 0.328125 0.692361 0.057813 0.087500
1 0.191797 0.420139 0.017969 0.059722
1 0.897656 0.011806 0.012500 0.020833
1 0.100000 0.612500 0.037500 0.105556
1 0.670312 0.556250 0.057813 0.112500
1 0.222656 0.628472 0.048438 0.120833
1 0.835547 0.021528 0.019531 0.034722
1 0.753125 0.687500 0.071875 0.113889
1 0.574609 0.245833 0.050781 0.075000
1 0.691406 0.602083 0.031250 0.073611
1 0.904297 0.012500 0.014844 0.019444
1 0.821875 0.239583 0.034375 0.073611
1 0.525391 0.242361 0.046094 0.070833
2 0.524609 0.319444 0.044531 0.097222
2 0.403253 0.385757 0.039199 0.109792
2 0.485774 0.355655 0.027615 0.077381
2 0.515625 0.350694 0.031250 0.076389
2 0.459647 0.231848 0.041744 0.103960
2 0.523728 0.304401 0.046080 0.107579
2 0.545992 0.368816 0.035443 0.083958
2 0.664844 0.093056 0.045312 0.119444
1 0.293750 0.747917 0.051562 0.120833
1 0.496875 0.416667 0.046875 0.083333
0 0.456641 0.422222 0.038281 0.083333
0 0.493359 0.409722 0.049219 0.105556
0 0.466016 0.429167 0.035156 0.077778
0 0.536328 0.312500 0.042969 0.075000
0 0.368948 0.297478 0.038397 0.075668
0 0.528516 0.342361 0.032031 0.065278
2 0.385937 0.516667 0.054688 0.072222
2 0.404687 0.515972 0.045312 0.056944
2 0.626387 0.521831 0.059429 0.074648
2 0.541373 0.561033 0.051056 0.067293
2 0.668435 0.589033 0.055703 0.067217
2 0.344165 0.470186 0.051013 0.060870
2 0.565523 0.527344 0.049252 0.060937
2 0.363281 0.486806 0.054688 0.059722
1 0.557031 0.334722 0.040625 0.066667
0 0.354687 0.515972 0.039062 0.101389
1 0.503125 0.329167 0.042188 0.061111
1 0.611328 0.184722 0.035156 0.050000
1 0.467969 0.460417 0.053125 0.076389
1 0.173828 0.570833 0.050781 0.077778
1 0.560937 0.268056 0.039062 0.077778
1 0.569141 0.115972 0.016406 0.065278
1 0.385547 0.460417 0.050781 0.079167
1 0.441797 0.456944 0.039844 0.069444
0 0.270313 0.831944 0.060937 0.100000
0 0.599219 0.220833 0.028125 0.066667
0 0.408219 0.176614 0.024658 0.068210
0 0.713699 0.788672 0.065753 0.110840
0 0.343034 0.080721 0.037037 0.083072
0 0.715608 0.829937 0.080247 0.136364
1 0.276562 0.688889 0.056250 0.105556
1 0.282031 0.704861 0.057813 0.104167
1 0.851562 0.786111 0.036719 0.109722
0 0.683379 0.641252 0.047877 0.133226
0 0.273828 0.503472 0.046094 0.129167
1 0.013672 0.569444 0.025781 0.069444
1 0.874219 0.825694 0.054688 0.106944
1 0.717969 0.245139 0.031250 0.068056
1 0.802148 0.348264 0.041797 0.090972
2 0.155273 0.329167 0.020703 0.037500
1 0.156445 0.145833 0.015234 0.027778
1 0.837410 0.554526 0.038893 0.076978
2 0.316760 0.340699 0.016840 0.032787
1 0.335605 0.187099 0.013633 0.023521
1 0.115482 0.284660 0.044749 0.081515
2 0.775713 0.200257 0.020570 0.038511
1 0.760352 0.457639 0.044922 0.094444
2 0.168555 0.280208 0.020703 0.042361
1 0.187500 0.082986 0.017969 0.031250
1 0.862695 0.334375 0.050391 0.106250
2 0.111914 0.311111 0.025391 0.045833
1 0.114258 0.089583 0.019922 0.034722
1 0.149260 0.376827 0.041118 0.076754
2 0.761308 0.328582 0.021793 0.035819
1 0.755962 0.150585 0.016859 0.024854
1 0.801172 0.347222 0.046094 0.102778
2 0.111719 0.324306 0.023438 0.041667
1 0.115039 0.110764 0.019141 0.029861
1 0.197931 0.404660 0.048966 0.085837
2 0.862759 0.240956 0.019310 0.036787
1 0.847414 0.051809 0.017586 0.028817
0 0.769922 0.326389 0.028906 0.088889
0 0.799609 0.274306 0.038281 0.104167
0 0.625781 0.256944 0.039062 0.102778
1 0.704297 0.318056 0.035156 0.061111
1 0.881250 0.525694 0.026562 0.073611
1 0.750000 0.968750 0.075000 0.062500
0 0.154297 0.337500 0.019531 0.041667
0 0.203074 0.356835 0.021036 0.037410
1 0.780744 0.289928 0.040453 0.070504
1 0.971683 0.505755 0.029126 0.067626
1 0.704297 0.277083 0.041406 0.070833
1 0.892578 0.511111 0.028906 0.075000
0 0.114062 0.304861 0.020313 0.040278
0 0.161328 0.330556 0.025781 0.041667
1 0.853906 0.729167 0.050000 0.077778
0 0.273490 0.397971 0.019463 0.036993
1 0.851678 0.708831 0.041611 0.071599
0 0.110337 0.308344 0.025660 0.045632
1 0.901393 0.763364 0.060850 0.089961
1 0.824609 0.743056 0.039844 0.069444
1 0.782813 0.544444 0.039062 0.091667
1 0.624609 0.748611 0.047656 0.066667
1 0.697266 0.496528 0.042969 0.065278
1 0.749609 0.425694 0.039844 0.079167
1 0.747266 0.425694 0.036719 0.065278
1 0.928125 0.771528 0.057813 0.087500
0 0.155859 0.344444 0.021094 0.033333
1 0.214182 0.415701 0.044863 0.082368
1 0.018090 0.810811 0.034732 0.108108
0 0.895080 0.320463 0.023155 0.043758
1 0.747266 0.340278 0.041406 0.080556
1 0.941016 0.711111 0.047656 0.111111
0 0.126172 0.292361 0.022656 0.043056
1 0.361328 0.675694 0.058594 0.115278
1 0.730859 0.625694 0.053906 0.104167
2 0.758203 0.732639 0.052344 0.090278
2 0.850854 0.633387 0.064690 0.097444
2 0.291778 0.812698 0.065237 0.092063
2 0.655469 0.820833 0.048438 0.094444
2 0.814044 0.691343 0.059986 0.082811
2 0.918750 0.575000 0.062500 0.072222
2 0.867708 0.685802 0.064583 0.085185
2 0.912500 0.827778 0.062500 0.091667
1 0.803906 0.795139 0.065625 0.073611
0 0.157422 0.351389 0.022656 0.033333
0 0.215234 0.373611 0.017969 0.033333
1 0.757422 0.736111 0.046094 0.086111
1 0.757812 0.740278 0.045312 0.080556
0 0.215234 0.375694 0.021094 0.034722
1 0.690625 0.822917 0.064062 0.093056
0 0.152344 0.344444 0.020313 0.033333
1 0.376689 0.873874 0.064189 0.096096
0 0.811655 0.236486 0.020270 0.037538
0 0.179944 0.219876 0.017470 0.039752
1 0.705451 0.916770 0.066387 0.111801
1 0.777344 0.579861 0.045312 0.081944
0 0.157812 0.338889 0.021875 0.038889
1 0.822343 0.590345 0.055857 0.093793
0 0.103569 0.312414 0.025601 0.045517
0 0.214844 0.365278 0.020313 0.033333
1 0.732812 0.564583 0.039062 0.068056
1 0.974219 0.432639 0.046875 0.156944
0 0.154297 0.334028 0.021094 0.034722
0 0.243708 0.476900 0.017617 0.035768
1 0.905201 0.396423 0.046980 0.131148
1 0.895703 0.436111 0.041406 0.136111
0 0.211328 0.358333 0.016406 0.036111
1 0.756641 0.342361 0.039844 0.073611
2 0.734375 0.623611 0.050000 0.075000
0 0.157812 0.349306 0.021875 0.034722
2 0.694141 0.600000 0.041406 0.072222
1 0.712500 0.370833 0.031250 0.055556
0 0.213672 0.372917 0.019531 0.034722
2 0.233892 0.620879 0.047661 0.070644
1 0.246249 0.356358 0.038835 0.053375
0 0.792586 0.576923 0.021183 0.036107
0 0.257812 0.484028 0.029687 0.043056
1 0.925391 0.329167 0.047656 0.077778
2 0.923438 0.666667 0.053125 0.086111
2 0.236372 0.641903 0.047932 0.088481
1 0.208177 0.327212 0.042293 0.070117
0 0.890038 0.326377 0.024436 0.048414
2 0.694922 0.602083 0.042969 0.068056
1 0.712891 0.366667 0.033594 0.063889
0 0.213672 0.370833 0.021094 0.036111
2 0.300988 0.587829 0.044460 0.063990
1 0.298871 0.320577 0.038814 0.053952
0 0.861327 0.460477 0.021877 0.035132
2 0.725000 0.621394 0.045946 0.076923
1 0.748311 0.352163 0.037162 0.060096
0 0.166892 0.350962 0.022973 0.036058
1 0.751172 0.425694 0.047656 0.079167
1 0.802344 0.646528 0.048438 0.081944
1 0.768359 0.460417 0.041406 0.065278
1 0.757031 0.406944 0.037500 0.063889
1 0.718359 0.666667 0.046094 0.086111
0 0.358594 0.702778 0.042188 0.113889
1 0.676172 0.610417 0.046094 0.076389
1 0.702734 0.292361 0.038281 0.062500
1 0.726953 0.365972 0.039844 0.073611
1 0.704688 0.656944 0.046875 0.072222
1 0.857422 0.625000 0.046094 0.050000
1 0.799219 0.486806 0.046875 0.090278
1 0.791797 0.486806 0.039844 0.079167
1 0.385156 0.270833 0.046875 0.083333
2 0.485938 0.159722 0.039062 0.077778
2 0.373437 0.179167 0.035937 0.063889
2 0.555985 0.166209 0.037066 0.057692
2 0.591570 0.243966 0.037791 0.053448
2 0.518000 0.276671 0.037600 0.049787
2 0.559185 0.183060 0.034589 0.062842
2 0.640741 0.269737 0.033333 0.059211
2 0.485921 0.091340 0.055556 0.082544
1 0.394922 0.296528 0.046094 0.076389
0 0.304173 0.549479 0.043192 0.101562
0 0.651826 0.707037 0.049467 0.109608
0 0.336328 0.613889 0.072656 0.155556
1 0.754297 0.304167 0.038281 0.080556
0 0.111328 0.784722 0.041406 0.111111
0 0.093387 0.784921 0.047364 0.119048
1 0.454688 0.253472 0.039062 0.062500
1 0.422266 0.349306 0.044531 0.054167
1 0.416797 0.380556 0.049219 0.069444
1 0.445703 0.301389 0.044531 0.083333
1 0.406250 0.147917 0.034375 0.056944
1 0.434375 0.183333 0.032813 0.072222
1 0.657813 0.305556 0.039062 0.069444
1 0.050391 0.587500 0.046094 0.086111
0 0.154297 0.410417 0.078906 0.173611
0 0.353240 0.493065 0.066354 0.140083
1 0.305859 0.515972 0.058594 0.126389
1 0.159375 0.510417 0.037500 0.104167
1 0.672266 0.351389 0.039844 0.088889
0 0.110547 0.486806 0.050781 0.095833
0 0.160208 0.485714 0.038752 0.090756
0 0.083203 0.454861 0.049219 0.115278
1 0.562891 0.586806 0.046094 0.104167
1 0.214453 0.840278 0.052344 0.111111
1 0.376953 0.170833 0.036719 0.061111
1 0.466797 0.318750 0.042969 0.081944
0 0.076953 0.579167 0.036719 0.091667
0 0.883774 0.508054 0.031698 0.079195
0 0.852372 0.384682 0.031946 0.084337
0 0.291406 0.375000 0.034375 0.080556
1 0.437109 0.166667 0.039844 0.044444
0 0.300000 0.368750 0.037500 0.093056
1 0.457813 0.147917 0.040625 0.051389
0 0.726150 0.362330 0.041738 0.098336
1 0.568569 0.133132 0.040034 0.051437
1 0.771094 0.722222 0.046875 0.108333
1 0.075391 0.792361 0.064844 0.098611
1 0.748828 0.659722 0.077344 0.138889
1 0.153125 0.422917 0.039062 0.084722
1 0.810547 0.418750 0.035156 0.070833
1 0.462500 0.164583 0.042188 0.065278
1 0.707031 0.581250 0.046875 0.081944
1 0.425000 0.389583 0.037500 0.090278
1 0.569531 0.331250 0.040625 0.073611
1 0.352734 0.279167 0.041406 0.072222
2 0.068750 0.706250 0.059375 0.101389
1 0.587809 0.313636 0.048593 0.078788
2 0.895567 0.856818 0.063939 0.104545
1 0.347656 0.250694 0.048438 0.076389
2 0.045312 0.751389 0.054688 0.111111
1 0.598236 0.353067 0.043304 0.058488
2 0.819567 0.880884 0.059342 0.084165
1 0.577243 0.115953 0.043189 0.078287
2 0.970100 0.418759 0.044850 0.113737
2 0.142187 0.668750 0.045312 0.093056
1 0.381250 0.317361 0.037500 0.056944
2 0.118782 0.625000 0.047170 0.082317
1 0.362350 0.273628 0.033448 0.056402
1 0.161328 0.712500 0.053906 0.088889
1 0.165234 0.383333 0.042969 0.077778
1 0.481250 0.214583 0.037500 0.056944
0 0.142375 0.448441 0.036437 0.088729
0 0.485830 0.310552 0.017544 0.050360
0 0.262500 0.488194 0.025000 0.065278
0 0.553125 0.384722 0.015625 0.047222
1 0.180859 0.565972 0.052344 0.076389
1 0.551172 0.111806 0.019531 0.040278
1 0.517188 0.171528 0.028125 0.045833
1 0.568359 0.234722 0.011719 0.050000
1 0.663281 0.488194 0.065625 0.076389
1 0.953125 0.791667 0.064062 0.052778
1 0.689844 0.627778 0.045312 0.097222
1 0.522656 0.477083 0.048438 0.081944
1 0.765234 0.729861 0.055469 0.120833
1 0.363281 0.339583 0.045312 0.068056
1 0.860938 0.538194 0.051562 0.104167
0 0.325781 0.499306 0.046875 0.059722
0 0.340450 0.488260 0.044255 0.064917
0 0.335493 0.493598 0.044636 0.065301
0 0.843750 0.711806 0.064062 0.104167
0 0.010547 0.311111 0.019531 0.030556
0 0.897656 0.724306 0.067187 0.115278
0 0.919531 0.756944 0.073438 0.119444
1 0.661719 0.766667 0.070312 0.100000
1 0.611719 0.245139 0.034375 0.056944
1 0.627734 0.204861 0.044531 0.065278
0 0.636328 0.031250 0.030469 0.051389
0 0.613281 0.108333 0.026562 0.047222
1 0.607812 0.250694 0.037500 0.056944
1 0.144922 0.362500 0.035156 0.063889
1 0.043359 0.238889 0.024219 0.041667
0 0.319531 0.590972 0.039062 0.095833
0 0.381250 0.238194 0.032813 0.079167
1 0.035937 0.250000 0.026562 0.050000
0 0.733207 0.291246 0.035951 0.087542
0 0.294717 0.171334 0.031511 0.088962
1 0.467969 0.215972 0.037500 0.084722
1 0.636328 0.118750 0.030469 0.062500
1 0.571875 0.397917 0.037500 0.101389
1 0.691406 0.269444 0.045312 0.086111
1 0.505859 0.304167 0.050781 0.088889
1 0.572266 0.268056 0.050781 0.091667
1 0.660156 0.240972 0.039062 0.087500
1 0.685156 0.288889 0.045312 0.072222
1 0.864453 0.455556 0.041406 0.061111
0 0.976562 0.414583 0.039062 0.056944
0 0.867481 0.494983 0.022556 0.036789
0 0.653900 0.671875 0.035840 0.101250
0 0.530078 0.412500 0.033594 0.100000
0 0.229297 0.861111 0.077344 0.144444
1 0.969141 0.418056 0.035156 0.055556
1 0.643750 0.242361 0.040625 0.062500
1 0.599219 0.058333 0.035937 0.050000
1 0.494531 0.131944 0.026562 0.061111
1 0.110937 0.373611 0.042188 0.072222
1 0.375000 0.454861 0.054688 0.084722
1 0.211719 0.332639 0.032813 0.090278
0 0.240625 0.463889 0.054688 0.083333
0 0.233820 0.395421 0.044537 0.077970
0 0.280469 0.465972 0.043750 0.073611
1 0.635938 0.259722 0.045312 0.086111
0 0.333203 0.152083 0.036719 0.073611
1 0.214062 0.281250 0.021875 0.090278
1 0.473828 0.134722 0.041406 0.041667
0 0.298926 0.145975 0.037606 0.068213
1 0.553722 0.302183 0.037606 0.080491
1 0.183423 0.236698 0.023024 0.077763
1 0.422487 0.155525 0.036071 0.046385
0 0.330859 0.152778 0.033594 0.075000
1 0.633203 0.263194 0.044531 0.081944
1 0.472656 0.133333 0.043750 0.036111
1 0.213672 0.284028 0.019531 0.093056
0 0.277344 0.104861 0.042188 0.084722
1 0.145703 0.251389 0.028906 0.086111
1 0.436719 0.082639 0.043750 0.048611
1 0.613672 0.223611 0.044531 0.100000
0 0.304297 0.151389 0.044531 0.083333
1 0.173047 0.298611 0.028906 0.094444
1 0.632812 0.273611 0.040625 0.100000
1 0.460547 0.127083 0.042969 0.048611
1 0.541016 0.556250 0.064844 0.098611
1 0.389062 0.414583 0.054688 0.076389
1 0.505859 0.237500 0.033594 0.069444
1 0.529687 0.208333 0.040625 0.069444
0 0.811972 0.830832 0.067536 0.180082
1 0.819141 0.461806 0.041406 0.145833
1 0.102344 0.336111 0.037500 0.075000
1 0.095703 0.506944 0.042969 0.086111
1 0.081250 0.575694 0.035937 0.098611
1 0.079297 0.580556 0.032031 0.102778
1 0.080859 0.572222 0.033594 0.108333
1 0.244531 0.572222 0.034375 0.102778
1 0.166406 0.450694 0.040625 0.081944
1 0.164453 0.456944 0.038281 0.094444
1 0.261328 0.556944 0.032031 0.116667
1 0.165625 0.453472 0.037500 0.101389
1 0.262891 0.588194 0.036719 0.106944
1 0.165234 0.451389 0.036719 0.094444
1 0.265625 0.604861 0.040625 0.093056
1 0.770312 0.540972 0.043750 0.109722
1 0.163672 0.451389 0.036719 0.100000
1 0.262891 0.591667 0.035156 0.105556
1 0.165625 0.451389 0.042188 0.100000
1 0.166406 0.453472 0.040625 0.098611
1 0.164844 0.427083 0.040625 0.093056
0 0.137109 0.390278 0.044531 0.094444
0 0.102344 0.400000 0.050000 0.105556
0 0.124219 0.356250 0.050000 0.112500
0 0.043750 0.438194 0.048438 0.101389
0 0.186361 0.479592 0.037812 0.085234
0 0.025391 0.437500 0.042969 0.083333
0 0.892640 0.444669 0.037178 0.079622
0 0.104297 0.447222 0.038281 0.075000
1 0.025391 0.452083 0.042969 0.081944
1 0.029687 0.405556 0.042188 0.105556
1 0.022266 0.415278 0.042969 0.100000
1 0.482422 0.182986 0.031250 0.053472
1 0.033594 0.456250 0.045312 0.087500
1 0.032031 0.450000 0.043750 0.094444
1 0.025781 0.453472 0.048438 0.098611
1 0.025391 0.456944 0.044531 0.094444
1 0.118750 0.402083 0.042188 0.095833
1 0.210547 0.350000 0.036719 0.088889
1 0.225781 0.336111 0.040625 0.091667
1 0.225781 0.339583 0.043750 0.093056
1 0.593359 0.352083 0.022656 0.079167
1 0.228906 0.335417 0.039062 0.095833
1 0.235547 0.332639 0.032031 0.098611
1 0.827344 0.022917 0.018750 0.031944
1 0.648047 0.306944 0.028906 0.080556
1 0.676367 0.125347 0.020703 0.032639
1 0.519141 0.024653 0.012500 0.021528
1 0.292187 0.343750 0.031250 0.093056
1 0.528125 0.438889 0.045312 0.094444
1 0.753906 0.043750 0.021875 0.037500
1 0.328125 0.313889 0.050000 0.100000
1 0.729688 0.584722 0.060937 0.105556
1 0.503516 0.270833 0.044531 0.080556
0 0.517578 0.422222 0.055469 0.086111
0 0.520806 0.393779 0.048217 0.071596
0 0.551953 0.606250 0.067969 0.090278
1 0.557813 0.284722 0.048438 0.100000
1 0.345313 0.175000 0.035937 0.063889
1 0.513281 0.429167 0.062500 0.111111
0 0.715625 0.652778 0.045312 0.152778
0 0.381793 0.635266 0.035326 0.136876
1 0.582428 0.396940 0.068841 0.127214
0 0.208171 0.707469 0.038132 0.153527
1 0.450584 0.494467 0.071595 0.156293
0 0.396484 0.504167 0.077344 0.127778
1 0.435937 0.330556 0.054688 0.080556
0 0.615103 0.547588 0.058651 0.127771
1 0.568548 0.380052 0.046188 0.084746
0 0.284375 0.658333 0.046875 0.141667
1 0.342578 0.481944 0.042969 0.091667
1 0.553125 0.700000 0.064062 0.127778
1 0.509375 0.659028 0.059375 0.095833
0 0.411328 0.043056 0.014844 0.036111
2 0.206641 0.568056 0.049219 0.094444
1 0.651172 0.233333 0.019531 0.033333
1 0.785156 0.384028 0.046875 0.109722
1 0.333203 0.315278 0.047656 0.105556
1 0.166016 0.413889 0.050781 0.091667
1 0.419922 0.377778 0.049219 0.111111
1 0.558984 0.507639 0.063281 0.109722
1 0.516016 0.748611 0.078906 0.116667
1 0.483984 0.355556 0.053906 0.094444
1 0.470703 0.373611 0.050781 0.066667
1 0.436328 0.513889 0.052344 0.077778
1 0.494141 0.362500 0.047656 0.080556
2 0.255469 0.556250 0.040625 0.079167
1 0.625391 0.271528 0.016406 0.037500
0 0.425781 0.118750 0.012500 0.026389
2 0.265095 0.325735 0.052109 0.110294
1 0.803557 0.213971 0.019024 0.045588
1 0.653125 0.452083 0.042188 0.068056
1 0.639844 0.235417 0.014063 0.043056
1 0.441797 0.309028 0.052344 0.090278
1 0.395703 0.391667 0.044531 0.080556
1 0.330078 0.465278 0.046094 0.100000
1 0.522656 0.379861 0.054688 0.095833
1 0.666797 0.620833 0.057031 0.122222
1 0.383203 0.330556 0.050781 0.077778
1 0.307812 0.193056 0.040625 0.075000
1 0.465234 0.405556 0.036719 0.091667
1 0.551562 0.238889 0.037500 0.080556
2 0.333984 0.468750 0.058594 0.112500
2 0.643868 0.453020 0.046226 0.100671
2 0.316016 0.267361 0.064844 0.129167
2 0.364453 0.474306 0.041406 0.087500
2 0.364453 0.472222 0.044531 0.091667
2 0.296094 0.428472 0.060937 0.131944
2 0.432717 0.387892 0.049622 0.109118
2 0.272266 0.456944 0.063281 0.136111
1 0.642969 0.383333 0.039062 0.069444
1 0.618750 0.178472 0.018750 0.031944
1 0.656250 0.235417 0.014063 0.026389
0 0.409375 0.056250 0.014063 0.023611
1 0.748047 0.405556 0.049219 0.102778
1 0.362891 0.359028 0.036719 0.093056
1 0.473047 0.248611 0.038281 0.077778
0 0.306641 0.340278 0.047656 0.083333
0 0.281476 0.329772 0.049719 0.089744
0 0.336719 0.363889 0.039062 0.077778
1 0.665234 0.532639 0.047656 0.098611
1 0.372266 0.443056 0.061719 0.102778
1 0.473828 0.363889 0.044531 0.077778
1 0.022266 0.417361 0.042969 0.095833
1 0.040234 0.412500 0.049219 0.091667
1 0.042969 0.404167 0.048438 0.102778
1 0.619922 0.400000 0.035156 0.069444
1 0.599219 0.230556 0.015625 0.025000
1 0.631641 0.278472 0.013281 0.029167
0 0.423438 0.129861 0.009375 0.018056
1 0.619141 0.400694 0.036719 0.068056
1 0.599609 0.230556 0.016406 0.027778
1 0.632031 0.279167 0.012500 0.025000
0 0.423828 0.129167 0.010156 0.022222
0 0.511328 0.494444 0.041406 0.075000
1 0.235937 0.506944 0.046875 0.083333
0 0.401562 0.052083 0.014063 0.031944
1 0.606641 0.186111 0.019531 0.030556
1 0.653516 0.238194 0.017969 0.031944
1 0.066016 0.404861 0.050781 0.101389
2 0.199219 0.417361 0.051562 0.076389
2 0.161081 0.397835 0.054075 0.083897
1 0.017898 0.389716 0.034273 0.108254
2 0.114062 0.400000 0.056250 0.083333
2 0.130469 0.424306 0.051562 0.084722
2 0.775486 0.424620 0.042802 0.069156
1 0.896498 0.410788 0.042023 0.091286
2 0.904927 0.390169 0.051858 0.089094
2 0.223344 0.365661 0.046042 0.076149
1 0.089661 0.312500 0.051696 0.090517
2 0.180469 0.415972 0.051562 0.084722
1 0.031250 0.404861 0.054688 0.104167
1 0.410938 0.758333 0.089063 0.130556
1 0.701172 0.853472 0.078906 0.109722
0 0.322266 0.403472 0.047656 0.095833
0 0.770209 0.368482 0.041069 0.106605
0 0.635749 0.304983 0.036715 0.073883
1 0.530078 0.258333 0.041406 0.086111
1 0.295703 0.509722 0.061719 0.063889
1 0.372656 0.412500 0.065625 0.116667
1 0.421875 0.480556 0.070312 0.133333
1 0.505078 0.317361 0.038281 0.073611
1 0.724609 0.465972 0.032031 0.118056
1 0.651172 0.519444 0.066406 0.113889
1 0.760156 0.330556 0.051562 0.091667
0 0.785937 0.551389 0.051562 0.088889
1 0.624219 0.175000 0.017188 0.033333
1 0.655078 0.234028 0.013281 0.029167
1 0.751953 0.524306 0.044531 0.095833
1 0.548047 0.169444 0.038281 0.058333
1 0.538672 0.243750 0.042969 0.070833
1 0.736328 0.323611 0.047656 0.091667
1 0.434766 0.340278 0.044531 0.086111
1 0.426172 0.347917 0.053906 0.079167
1 0.288672 0.440972 0.050781 0.065278
1 0.746094 0.402778 0.045312 0.077778
1 0.948438 0.688889 0.043750 0.116667
1 0.291016 0.435417 0.041406 0.079167
0 0.422656 0.447222 0.039062 0.094444
0 0.551172 0.273611 0.033594 0.077778
0 0.547049 0.250760 0.036784 0.082067
0 0.426005 0.455167 0.039350 0.101824
0 0.574478 0.306139 0.031789 0.069467
0 0.478202 0.502423 0.035422 0.087237
0 0.686776 0.610303 0.045671 0.076364
1 0.578391 0.252727 0.014315 0.030303
1 0.599182 0.311515 0.010907 0.029091
0 0.246340 0.546224 0.050512 0.079427
1 0.389458 0.210286 0.014641 0.032552
1 0.362006 0.264974 0.012445 0.029948
0 0.323828 0.537500 0.044531 0.088889
0 0.606641 0.088194 0.014844 0.031944
1 0.528125 0.150000 0.034375 0.075000
1 0.459766 0.459722 0.057031 0.100000
1 0.080078 0.397917 0.050781 0.090278
1 0.677734 0.675694 0.053906 0.120833
0 0.909375 0.585417 0.045312 0.101389
0 0.955477 0.774497 0.038163 0.121859
0 0.837891 0.570833 0.032031 0.088889
1 0.482031 0.343750 0.046875 0.076389
0 0.397656 0.510417 0.051562 0.104167
0 0.411719 0.511111 0.037500 0.086111
0 0.569685 0.638655 0.049606 0.112045
0 0.672266 0.398611 0.038281 0.100000
0 0.642578 0.410417 0.030469 0.090278
0 0.448822 0.342995 0.033514 0.086957
1 0.510547 0.351389 0.052344 0.091667
1 0.542578 0.672917 0.069531 0.093056
0 0.500000 0.696528 0.040625 0.073611
0 0.282031 0.513889 0.053125 0.100000
0 0.271094 0.713889 0.054688 0.094444
0 0.610938 0.085417 0.015625 0.037500
1 0.716016 0.325000 0.035156 0.077778
0 0.460938 0.313194 0.023438 0.076389
0 0.557422 0.259722 0.030469 0.094444
1 0.794531 0.354167 0.034375 0.091667
1 0.331221 0.308422 0.034023 0.083037
0 0.577385 0.265718 0.028686 0.078292
1 0.482422 0.438889 0.050781 0.091667
1 0.508594 0.274306 0.048438 0.073611
1 0.273047 0.356944 0.038281 0.061111
0 0.387500 0.356250 0.040625 0.095833
0 0.373840 0.343328 0.040506 0.101949
0 0.430961 0.310999 0.032028 0.083439
1 0.178906 0.724306 0.048438 0.098611
1 0.515234 0.448611 0.061719 0.102778
1 0.480859 0.254167 0.049219 0.088889
1 0.437500 0.369444 0.040625 0.080556
1 0.946484 0.477778 0.035156 0.086111
1 0.505469 0.338194 0.043750 0.098611
0 0.493359 0.530556 0.052344 0.091667
0 0.606383 0.550000 0.037994 0.102703
1 0.101444 0.571622 0.038754 0.094595
1 0.579407 0.342568 0.046353 0.112162
1 0.018323 0.540727 0.033827 0.083960
1 0.420014 0.258772 0.045102 0.106516
0 0.452784 0.434837 0.038760 0.107769
1 0.038672 0.622917 0.025781 0.093056
1 0.711719 0.350000 0.056250 0.105556
1 0.834766 0.760417 0.041406 0.104167
1 0.754687 0.708333 0.043750 0.119444
0 0.248438 0.445139 0.046875 0.076389
0 0.033594 0.738194 0.031250 0.118056
0 0.183140 0.452733 0.045681 0.093058
0 0.222309 0.346047 0.049922 0.098474
0 0.307812 0.677083 0.046875 0.084722
0 0.592969 0.153472 0.012500 0.029167
0 0.251953 0.724306 0.060156 0.104167
0 0.646875 0.068056 0.018750 0.033333
0 0.215625 0.497222 0.042188 0.080556
0 0.393359 0.318056 0.041406 0.047222
0 0.421963 0.355482 0.036449 0.046512
0 0.398639 0.319745 0.039398 0.056051
0 0.253516 0.277083 0.041406 0.090278
0 0.394531 0.208333 0.045312 0.061111
0 0.751877 0.155045 0.030859 0.084570
0 0.619683 0.118694 0.035029 0.071217
0 0.685154 0.376855 0.030859 0.083086
0 0.603586 0.244982 0.038513 0.076741
0 0.615206 0.556671 0.035193 0.074380
0 0.728088 0.365407 0.037849 0.102715
0 0.255078 0.286806 0.033594 0.093056
0 0.433594 0.104861 0.039062 0.054167
0 0.713281 0.413194 0.026562 0.093056
0 0.445703 0.168056 0.035156 0.055556
0 0.293750 0.322917 0.032813 0.079167
0 0.674609 0.424306 0.032031 0.093056
0 0.857031 0.647917 0.028125 0.076389
0 0.374649 0.549003 0.032741 0.078073
0 0.206735 0.798173 0.043031 0.061462
0 0.586062 0.254153 0.030870 0.059801
0 0.744153 0.390365 0.032741 0.083056
1 0.598437 0.086806 0.020313 0.054167
1 0.423047 0.347222 0.047656 0.091667
1 0.577344 0.749306 0.065625 0.095833
0 0.434375 0.151389 0.046875 0.075000
1 0.866406 0.113194 0.017188 0.054167
0 0.292578 0.159028 0.033594 0.095833
1 0.678516 0.224306 0.022656 0.062500
0 0.607367 0.170851 0.050157 0.107392
1 0.118730 0.079498 0.025862 0.064156
0 0.446094 0.445139 0.056250 0.112500
0 0.390909 0.538913 0.056198 0.111601
0 0.455859 0.423611 0.066406 0.158333
1 0.353516 0.252083 0.046094 0.093056
1 0.398047 0.182639 0.038281 0.073611
0 0.431250 0.452778 0.046875 0.086111
0 0.497575 0.358477 0.036378 0.093391
0 0.386328 0.409722 0.058594 0.119444
0 0.142187 0.423611 0.046875 0.086111
0 0.713729 0.476603 0.035054 0.076256
0 0.289453 0.466667 0.038281 0.075000
1 0.613672 0.180556 0.014844 0.027778
1 0.100000 0.736806 0.032813 0.115278
1 0.326172 0.607639 0.050781 0.106944
1 0.776953 0.289583 0.032031 0.093056
0 0.391406 0.047917 0.023438 0.054167
0 0.498682 0.122365 0.024390 0.059719
1 0.806196 0.466628 0.031641 0.094848
1 0.152988 0.252773 0.040143 0.118859
0 0.579839 0.103803 0.030330 0.068146
1 0.930859 0.693056 0.039844 0.100000
0 0.142969 0.145139 0.023438 0.070833
0 0.247475 0.285221 0.025641 0.067680
1 0.975913 0.687845 0.045066 0.102210
1 0.170027 0.682198 0.052419 0.081243
0 0.792003 0.026882 0.020833 0.051374
1 0.853516 0.338194 0.032031 0.087500
1 0.600781 0.379861 0.039062 0.093056
1 0.391797 0.556250 0.060156 0.087500
1 0.392188 0.206944 0.040625 0.077778
1 0.768750 0.556250 0.045312 0.084722
0 0.149609 0.711111 0.036719 0.108333
0 0.770561 0.624710 0.042428 0.117169
0 0.196543 0.675000 0.032958 0.101429
1 0.601953 0.594444 0.061719 0.075000
0 0.248320 0.461487 0.047050 0.086321
1 0.631441 0.121514 0.024645 0.038513
0 0.734321 0.460526 0.041812 0.094427
1 0.375000 0.140867 0.021777 0.030960
1 0.616797 0.177778 0.019531 0.027778
0 0.291016 0.468750 0.036719 0.068056
1 0.133594 0.234028 0.035937 0.051389
0 0.086328 0.579861 0.053906 0.081944
0 0.884375 0.520833 0.039062 0.088889
0 0.924834 0.571640 0.055648 0.127031
0 0.012874 0.452733 0.024086 0.098966
0 0.789387 0.378664 0.036256 0.077374
0 0.093606 0.619578 0.046144 0.083236
1 0.023438 0.526389 0.039062 0.105556
1 0.647656 0.868750 0.081250 0.104167
1 0.394922 0.736111 0.071094 0.097222
0 0.088672 0.438194 0.028906 0.081944
0 0.865961 0.449843 0.028219 0.078370
1 0.564374 0.734326 0.063492 0.098746
1 0.333594 0.695833 0.064062 0.105556
0 0.033594 0.452778 0.023438 0.077778
2 0.101562 0.700694 0.070312 0.151389
1 0.616406 0.325694 0.025000 0.073611
0 0.662500 0.184028 0.018750 0.056944
1 0.978516 0.697917 0.039844 0.090278
1 0.564626 0.360943 0.027211 0.083434
0 0.601701 0.172310 0.023810 0.068924
2 0.027551 0.923821 0.053741 0.152358
2 0.052344 0.738194 0.079687 0.176389
1 0.660156 0.304167 0.034375 0.077778
2 0.716797 0.129167 0.022656 0.061111
2 0.171484 0.663889 0.050781 0.130556
1 0.597266 0.357639 0.022656 0.062500
0 0.633203 0.235417 0.017969 0.048611
1 0.898438 0.665278 0.034375 0.075000
2 0.163333 0.669630 0.048333 0.133333
1 0.598333 0.352593 0.023333 0.059259
1 0.909167 0.674815 0.031667 0.060741
0 0.637500 0.225926 0.016667 0.054815
0 0.322638 0.305138 0.020451 0.051378
1 0.375176 0.427945 0.032440 0.068922
2 0.862835 0.689223 0.054302 0.145363
1 0.057123 0.833960 0.033850 0.068922
0 0.263993 0.228083 0.016708 0.054978
1 0.308688 0.349183 0.024227 0.065379
2 0.765664 0.623328 0.054302 0.135215
2 0.053906 0.695833 0.067187 0.158333
1 0.609375 0.304861 0.031250 0.070833
0 0.659766 0.146528 0.019531 0.065278
1 0.895703 0.294444 0.041406 0.075000
0 0.788672 0.375694 0.039844 0.070833
0 0.132476 0.413473 0.050765 0.080346
0 0.834840 0.356934 0.054232 0.083212
0 0.546484 0.847917 0.044531 0.098611
0 0.441890 0.889302 0.052676 0.087667
0 0.556458 0.894509 0.073111 0.104046
1 0.100781 0.452083 0.056250 0.106944
1 0.882031 0.542361 0.051562 0.093056
0 0.308984 0.656944 0.038281 0.077778
1 0.597266 0.274306 0.016406 0.031944
0 0.751210 0.314470 0.039516 0.073066
1 0.383468 0.185530 0.016935 0.032951
0 0.291406 0.471528 0.042188 0.076389
1 0.613672 0.181944 0.014844 0.025000
1 0.375000 0.620833 0.071875 0.105556
1 0.853516 0.610417 0.066406 0.104167
1 0.933203 0.367361 0.039844 0.093056
1 0.918359 0.700694 0.046094 0.112500
0 0.632422 0.585417 0.047656 0.059722
0 0.658594 0.583333 0.046875 0.080556
1 0.683594 0.472917 0.051562 0.109722
1 0.545312 0.359722 0.021875 0.066667
1 0.969531 0.659722 0.046875 0.083333
1 0.777734 0.378472 0.032031 0.090278
2 0.739844 0.404861 0.032813 0.070833
2 0.822266 0.256250 0.030469 0.076389
1 0.858984 0.230556 0.032031 0.083333
2 0.356336 0.439742 0.036320 0.078910
1 0.323245 0.410330 0.021792 0.074605
2 0.780859 0.420833 0.036719 0.072222
1 0.823828 0.388889 0.036719 0.094444
2 0.698828 0.422917 0.027344 0.051389
1 0.731641 0.402083 0.027344 0.068056
2 0.802920 0.270292 0.032847 0.066558
1 0.840785 0.238636 0.033759 0.081169
2 0.814964 0.462804 0.038616 0.058655
1 0.854385 0.445637 0.035398 0.081545
2 0.699219 0.422222 0.028125 0.055556
1 0.731641 0.401389 0.028906 0.069444
1 0.810156 0.313194 0.043750 0.070833
0 0.878125 0.488194 0.045312 0.106944
0 0.687891 0.180556 0.024219 0.080556
0 0.528125 0.104861 0.020313 0.056944
0 0.864514 0.498679 0.046771 0.104359
0 0.674091 0.130119 0.031180 0.077939
1 0.798070 0.297226 0.044543 0.076618
0 0.504826 0.028402 0.023756 0.054161
1 0.907422 0.389583 0.046094 0.095833
1 0.684766 0.183333 0.025781 0.075000
0 0.353125 0.113194 0.026562 0.054167
0 0.422656 0.185417 0.028125 0.065278
0 0.380783 0.186709 0.021352 0.044304
0 0.435053 0.242880 0.021352 0.055380
0 0.649466 0.242089 0.023132 0.063291
1 0.828737 0.415348 0.031139 0.061709
1 0.255469 0.543056 0.046875 0.091667
0 0.782031 0.411111 0.032813 0.069444
1 0.635938 0.293750 0.021875 0.073611
0 0.780078 0.385417 0.038281 0.087500
1 0.619531 0.245139 0.037500 0.095833
0 0.467969 0.421528 0.037500 0.101389
0 0.494141 0.412500 0.042969 0.119444
0 0.299463 0.527929 0.029908 0.058583
1 0.552531 0.271798 0.014571 0.023161
0 0.720014 0.322208 0.039740 0.079589
1 0.354408 0.197047 0.016618 0.026958
0 0.291406 0.465278 0.037500 0.075000
1 0.612891 0.190278 0.014844 0.025000
0 0.661719 0.489583 0.057813 0.090278
0 0.810937 0.258333 0.035937 0.080556
0 0.702100 0.437014 0.046369 0.096423
0 0.874453 0.242613 0.034121 0.080871
2 0.742345 0.168740 0.030621 0.076205
1 0.501953 0.611111 0.071094 0.122222
1 0.623828 0.341667 0.052344 0.069444
1 0.396875 0.193056 0.035937 0.063889
0 0.076172 0.234028 0.027344 0.056944
1 0.479934 0.381368 0.047502 0.078603
1 0.582310 0.646288 0.060606 0.128093
1 0.700655 0.267103 0.031941 0.068413
1 0.064062 0.681250 0.059375 0.123611
0 0.685156 0.490972 0.040625 0.109722
0 0.734766 0.469444 0.049219 0.144444
1 0.587891 0.342361 0.044531 0.070833
0 0.581641 0.134722 0.028906 0.055556
1 0.338672 0.222222 0.019531 0.066667
1 0.768750 0.289583 0.050000 0.068056
1 0.483594 0.236806 0.025000 0.059722
0 0.752734 0.125000 0.033594 0.052778
0 0.879687 0.433333 0.042188 0.111111
1 0.784766 0.669444 0.052344 0.091667
0 0.692578 0.640972 0.036719 0.109722
1 0.589844 0.838194 0.051562 0.095833
0 0.549219 0.409722 0.020313 0.088889
1 0.785156 0.405556 0.045312 0.108333
1 0.617188 0.229861 0.037500 0.068056
1 0.370683 0.283290 0.027186 0.065274
1 0.203159 0.394909 0.041881 0.103133
0 0.416238 0.471279 0.021308 0.080940
0 0.267188 0.413889 0.042188 0.102778
0 0.471484 0.313889 0.038281 0.105556
0 0.594922 0.382639 0.046094 0.070833
0 0.576953 0.391667 0.042969 0.075000
1 0.565234 0.727083 0.074219 0.118056
1 0.953125 0.342361 0.040625 0.081944
0 0.767505 0.397823 0.038069 0.077388
1 0.450034 0.207981 0.016315 0.019347
0 0.295312 0.463889 0.037500 0.077778
1 0.612500 0.193056 0.017188 0.025000
1 0.570703 0.629167 0.042969 0.113889
1 0.621484 0.384722 0.035156 0.061111
0 0.762500 0.690278 0.053125 0.088889
0 0.747502 0.685792 0.049962 0.092896
1 0.755469 0.525694 0.034375 0.065278
1 0.603906 0.518056 0.050000 0.091667
1 0.760156 0.381250 0.053125 0.090278
0 0.062500 0.181944 0.023438 0.072222
0 0.032422 0.138194 0.019531 0.062500
1 0.830859 0.343056 0.050781 0.108333
1 0.655859 0.550694 0.049219 0.106944
0 0.814063 0.396528 0.035937 0.084722
0 0.595313 0.258333 0.020313 0.061111
0 0.872740 0.519923 0.039046 0.104113
0 0.633406 0.315553 0.031815 0.073265
1 0.891016 0.529167 0.044531 0.116667
1 0.773828 0.386111 0.053906 0.097222
0 0.441406 0.206250 0.026562 0.056944
0 0.620033 0.086765 0.034768 0.079412
1 0.257036 0.397794 0.067053 0.116176
0 0.479687 0.518056 0.037500 0.119444
0 0.417500 0.513342 0.040714 0.137230
0 0.288281 0.487500 0.046875 0.080556
1 0.646875 0.185417 0.017188 0.026389
0 0.467742 0.433094 0.032258 0.080048
0 0.539235 0.535757 0.029510 0.077473
1 0.521094 0.492361 0.035937 0.056944
0 0.219922 0.635417 0.047656 0.087500
1 0.612891 0.195833 0.013281 0.022222
1 0.243750 0.364583 0.035937 0.081944
2 0.770703 0.322222 0.028906 0.075000
2 0.132971 0.251933 0.042754 0.081186
1 0.714493 0.255799 0.043478 0.083763
1 0.286491 0.210950 0.036265 0.070853
2 0.832729 0.291465 0.038985 0.070853
2 0.174296 0.372457 0.033451 0.071987
1 0.640845 0.489828 0.035211 0.078247
1 0.185938 0.333333 0.035937 0.077778
2 0.762500 0.290278 0.035937 0.077778
1 0.245312 0.320833 0.042188 0.086111
2 0.821484 0.266667 0.036719 0.086111
2 0.289614 0.400592 0.037284 0.072189
1 0.819907 0.366864 0.039281 0.080473
2 0.204142 0.304511 0.041420 0.082707
1 0.786982 0.345113 0.047337 0.088722
0 0.154688 0.540972 0.035937 0.090278
0 0.095703 0.576389 0.053906 0.102778
2 0.677344 0.425694 0.050000 0.112500
2 0.599609 0.231944 0.038281 0.088889
2 0.705078 0.420833 0.052344 0.116667
2 0.346992 0.479070 0.048823 0.093023
2 0.727344 0.418750 0.056250 0.104167
2 0.648438 0.440278 0.039062 0.080556
2 0.691860 0.436207 0.050388 0.086207
2 0.648828 0.440972 0.036719 0.081944
0 0.539453 0.475694 0.039844 0.109722
0 0.617177 0.557478 0.042420 0.126082
1 0.024219 0.674306 0.040625 0.079167
1 0.574219 0.329167 0.031250 0.075000
0 0.650000 0.425694 0.035937 0.087500
0 0.675781 0.406944 0.045312 0.105556
1 0.608984 0.545833 0.039844 0.100000
0 0.357031 0.597222 0.046875 0.105556
0 0.291781 0.511364 0.033790 0.100649
1 0.303906 0.402778 0.037500 0.091667
0 0.727032 0.547096 0.049470 0.095761
1 0.294170 0.335165 0.017668 0.023548
0 0.337109 0.591667 0.046094 0.083333
1 0.629687 0.161111 0.017188 0.027778
1 0.052344 0.225694 0.015625 0.040278
0 0.495312 0.503472 0.046875 0.076389
1 0.447266 0.313194 0.033594 0.073611
1 0.391016 0.218750 0.032031 0.054167
0 0.327734 0.536806 0.041406 0.081944
1 0.271094 0.387500 0.032813 0.069444
1 0.208984 0.320833 0.032031 0.055556
1 0.399219 0.316667 0.053125 0.072222
1 0.414844 0.174306 0.042188 0.059722
1 0.379297 0.134722 0.027344 0.052778
1 0.357812 0.554167 0.079687 0.119444
1 0.425000 0.384028 0.045312 0.079167
1 0.347266 0.433333 0.047656 0.077778
0 0.435937 0.278472 0.035937 0.054167
1 0.572811 0.457335 0.051347 0.094311
0 0.467593 0.299401 0.039562 0.062874
1 0.286719 0.413194 0.043750 0.079167
1 0.230469 0.427083 0.057813 0.090278
1 0.269141 0.786806 0.083594 0.093056
1 0.328906 0.422917 0.039062 0.081944
1 0.208203 0.786111 0.080469 0.113889
2 0.431250 0.178472 0.037500 0.065278
2 0.560444 0.210884 0.035960 0.054422
2 0.404687 0.106250 0.032813 0.056944
2 0.491284 0.204930 0.041204 0.066197
2 0.324803 0.228992 0.035433 0.060224
2 0.601598 0.255074 0.035769 0.055480
2 0.561033 0.202364 0.034429 0.054242
2 0.473047 0.104861 0.042969 0.076389
0 0.117969 0.697917 0.060937 0.090278
0 0.820833 0.654074 0.055000 0.081481
0 0.649508 0.536339 0.043906 0.092867
1 0.931113 0.209960 0.016654 0.045760
1 0.374338 0.111709 0.015897 0.032301
2 0.630859 0.343750 0.038281 0.081944
2 0.404297 0.058333 0.011719 0.022222
0 0.576172 0.329861 0.028906 0.076389
0 0.882422 0.035417 0.014844 0.029167
0 0.509025 0.331461 0.034296 0.081862
0 0.217960 0.089085 0.013538 0.030498
2 0.289844 0.347222 0.046875 0.108333
2 0.649417 0.437824 0.048105 0.098446
2 0.663143 0.472431 0.036646 0.100251
2 0.713855 0.390673 0.045611 0.123853
2 0.368798 0.380306 0.031489 0.098472
2 0.323437 0.377083 0.035937 0.081944
2 0.323047 0.374306 0.038281 0.084722
2 0.726101 0.392910 0.045719 0.115214
1 0.720313 0.303472 0.046875 0.093056
1 0.495703 0.186806 0.032031 0.062500
1 0.386328 0.228472 0.025781 0.070833
0 0.778516 0.121528 0.017969 0.043056
1 0.381747 0.217172 0.024858 0.070707
1 0.493608 0.170455 0.036932 0.068182
1 0.729759 0.293561 0.054688 0.099747
0 0.789062 0.107323 0.019886 0.045455
1 0.586719 0.559028 0.051562 0.090278
1 0.525000 0.217361 0.035937 0.076389
0 0.780469 0.122222 0.021875 0.041667
1 0.494831 0.189951 0.035837 0.078431
1 0.424190 0.507966 0.046175 0.099265
0 0.254997 0.079657 0.020675 0.044118
2 0.236328 0.395139 0.032031 0.101389
1 0.972266 0.018750 0.016406 0.029167
2 0.230082 0.391941 0.035714 0.095238
1 0.956731 0.039072 0.016484 0.036630
2 0.696038 0.395631 0.035519 0.097087
1 0.126708 0.096481 0.015710 0.035194
1 0.014686 0.190534 0.012978 0.033981
2 0.120703 0.231944 0.041406 0.077778
1 0.840234 0.091667 0.017969 0.033333
1 0.974219 0.202083 0.017188 0.029167
2 0.790687 0.381271 0.042333 0.093645
1 0.188147 0.182274 0.013170 0.030100
1 0.288335 0.104515 0.015992 0.031773
2 0.219531 0.387500 0.035937 0.111111
2 0.732802 0.567568 0.040550 0.100386
1 0.149891 0.070785 0.013034 0.033462
1 0.261405 0.038610 0.013034 0.036036
1 0.910937 0.191667 0.012500 0.030556
1 0.805469 0.111806 0.014063 0.029167
2 0.276562 0.415278 0.035937 0.077778
2 0.541016 0.422917 0.050781 0.095833
2 0.535937 0.437500 0.045312 0.072222
2 0.535937 0.435417 0.046875 0.070833
2 0.535937 0.435417 0.048438 0.073611
2 0.547176 0.410037 0.065427 0.102815
2 0.450000 0.418435 0.061194 0.094164
2 0.532422 0.438889 0.049219 0.069444
2 0.493408 0.414420 0.062624 0.092614
2 0.614453 0.365278 0.039844 0.088889
2 0.280608 0.480292 0.046836 0.075912
2 0.583180 0.289216 0.037684 0.078431
2 0.596875 0.392361 0.034375 0.068056
2 0.594922 0.390972 0.033594 0.070833
2 0.590234 0.309028 0.047656 0.093056
2 0.598047 0.393750 0.033594 0.059722
2 0.635135 0.346397 0.046942 0.088496
1 0.155078 0.945139 0.067969 0.104167
0 0.826562 0.241667 0.021875 0.044444
2 0.948438 0.228472 0.021875 0.040278
0 0.879297 0.036806 0.014844 0.029167
0 0.800391 0.020139 0.016406 0.029167
0 0.750000 0.129183 0.024096 0.054886
1 0.873494 0.060910 0.024096 0.046854
2 0.933594 0.272222 0.023438 0.036111
0 0.874219 0.029167 0.017188 0.033333
2 0.837891 0.115972 0.016406 0.043056
0 0.798828 0.118056 0.019531 0.036111
2 0.760938 0.213194 0.017188 0.043056
2 0.860938 0.385417 0.026562 0.043056
0 0.753906 0.390278 0.028125 0.030556
0 0.716016 0.116667 0.019531 0.025000
0 0.590234 0.096528 0.011719 0.026389
2 0.862109 0.310417 0.022656 0.029167
2 0.780078 0.180556 0.014844 0.033333
0 0.811719 0.107639 0.015625 0.026389
0 0.744922 0.106944 0.014844 0.019444
0 0.642188 0.091667 0.009375 0.022222
0 0.775391 0.312500 0.024219 0.022222
2 0.130793 0.173184 0.019639 0.027933
2 0.223488 0.088687 0.014925 0.029330
0 0.207384 0.011872 0.014140 0.020950
0 0.268657 0.035615 0.015711 0.018156
0 0.208955 0.215782 0.020424 0.026536
2 0.945258 0.265068 0.026214 0.036986
2 0.845412 0.107534 0.016191 0.039726
0 0.837702 0.268493 0.033153 0.030137
0 0.882806 0.019178 0.020046 0.035616
0 0.800694 0.015068 0.019275 0.027397
0 0.881641 0.211111 0.035156 0.033333
2 0.890625 0.025694 0.018750 0.048611
2 0.943750 0.081250 0.018750 0.043056
0 0.943359 0.245833 0.030469 0.025000
1 0.426953 0.243750 0.033594 0.070833
0 0.825781 0.237500 0.025000 0.044444
0 0.871094 0.027778 0.014063 0.027778
2 0.633251 0.344575 0.038779 0.076246
2 0.614844 0.352778 0.042188 0.080556
2 0.635547 0.325000 0.042969 0.083333
2 0.620962 0.251337 0.041322 0.085561
2 0.390262 0.289406 0.050872 0.090439
2 0.574824 0.303599 0.036972 0.065728
2 0.489078 0.256068 0.033447 0.072816
1 0.049609 0.254167 0.017969 0.050000
1 0.113672 0.359722 0.032031 0.066667
1 0.247266 0.476389 0.036719 0.094444
1 0.375000 0.415278 0.032813 0.063889
2 0.113672 0.576389 0.041406 0.108333
1 0.611719 0.631250 0.062500 0.093056
0 0.771484 0.129167 0.022656 0.041667
0 0.882812 0.040278 0.014063 0.027778
1 0.365482 0.623067 0.078318 0.130155
2 0.587891 0.551389 0.064844 0.122222
0 0.795703 0.239583 0.021094 0.043056
2 0.726562 0.082639 0.015625 0.040278
0 0.880078 0.043056 0.013281 0.025000
1 0.948047 0.297222 0.025781 0.036111
2 0.968359 0.139583 0.013281 0.040278
2 0.640445 0.553888 0.054490 0.092769
0 0.775134 0.208049 0.018419 0.036835
2 0.906370 0.198499 0.026094 0.028649
2 0.700691 0.105730 0.016884 0.036835
2 0.540418 0.612763 0.052265 0.110285
0 0.729617 0.343247 0.022300 0.034696
2 0.864808 0.397770 0.025087 0.029740
2 0.883624 0.257745 0.009756 0.032218
2 0.669686 0.201983 0.015331 0.032218
0 0.804878 0.169765 0.013937 0.019827
2 0.569141 0.543056 0.047656 0.097222
0 0.746094 0.283333 0.020313 0.033333
2 0.873828 0.329861 0.022656 0.026389
2 0.689453 0.153472 0.013281 0.029167
0 0.815625 0.119444 0.014063 0.019444
2 0.889844 0.197222 0.009375 0.027778
2 0.682422 0.527778 0.057031 0.133333
0 0.912109 0.168056 0.027344 0.047222
2 0.573047 0.540972 0.053906 0.104167
0 0.745703 0.284028 0.019531 0.031944
2 0.873828 0.331250 0.024219 0.026389
0 0.816406 0.118750 0.014063 0.020833
2 0.689453 0.154167 0.013281 0.030556
2 0.889453 0.199306 0.008594 0.029167
2 0.571484 0.541667 0.050781 0.100000
2 0.873047 0.329861 0.024219 0.029167
0 0.744531 0.283333 0.021875 0.036111
2 0.689063 0.152778 0.014063 0.027778
0 0.816016 0.119444 0.013281 0.019444
2 0.889844 0.199306 0.009375 0.031944
2 0.660019 0.500000 0.065175 0.132988
0 0.888619 0.190846 0.024319 0.043178
1 0.526953 0.272222 0.033594 0.069444
1 0.367188 0.050000 0.017188 0.050000
0 0.719141 0.331944 0.036719 0.080556
0 0.788632 0.393365 0.040853 0.082148
1 0.543359 0.306944 0.050781 0.088889
1 0.541406 0.763194 0.067187 0.101389
1 0.952344 0.351389 0.040625 0.077778
1 0.768750 0.373611 0.042188 0.083333
1 0.860547 0.015278 0.016406 0.027778
0 0.680469 0.020833 0.018750 0.030556
1 0.735643 0.353323 0.036463 0.084279
0 0.806746 0.717990 0.025524 0.097245
1 0.524609 0.243056 0.049219 0.083333
0 0.685547 0.025694 0.017969 0.031944
1 0.516016 0.704167 0.061719 0.105556
0 0.682813 0.018750 0.017188 0.031944
0 0.810937 0.588194 0.054688 0.054167
1 0.423293 0.752857 0.064257 0.131429
0 0.141365 0.501429 0.056225 0.060000
0 0.788281 0.568750 0.051562 0.101389
0 0.683984 0.019444 0.021094 0.036111
1 0.841406 0.016667 0.018750 0.030556
0 0.723437 0.379861 0.042188 0.101389
1 0.731690 0.418648 0.042254 0.076345
1 0.609859 0.396120 0.032394 0.058824
1 0.844718 0.270338 0.028873 0.055069
1 0.896479 0.148936 0.021127 0.047559
2 0.865493 0.474343 0.043662 0.085106
2 0.178516 0.570139 0.036719 0.076389
1 0.289844 0.484722 0.037500 0.066667
1 0.396875 0.429861 0.031250 0.051389
1 0.179297 0.383333 0.025781 0.050000
1 0.124609 0.293056 0.017969 0.038889
1 0.050000 0.307639 0.032813 0.062500
1 0.200000 0.437500 0.045312 0.083333
1 0.339453 0.366667 0.038281 0.066667
2 0.048828 0.552778 0.047656 0.102778
2 0.023438 0.653472 0.045312 0.090278
1 0.174609 0.520139 0.049219 0.076389
1 0.322656 0.436806 0.039062 0.056944
1 0.013672 0.441667 0.025781 0.061111
1 0.018750 0.208333 0.021875 0.052778
1 0.087109 0.332639 0.033594 0.068056
1 0.230469 0.477083 0.046875 0.090278
1 0.364844 0.396528 0.039062 0.070833
2 0.084375 0.593056 0.046875 0.105556
1 0.621660 0.415000 0.036568 0.055000
1 0.750352 0.475625 0.042194 0.086250
1 0.886428 0.361875 0.028833 0.061250
1 0.950070 0.253750 0.022504 0.047500
2 0.886076 0.580000 0.043601 0.100000
2 0.081641 0.319444 0.036719 0.075000
1 0.205078 0.260417 0.035156 0.068056
1 0.317578 0.230556 0.028906 0.055556
1 0.096094 0.134722 0.026562 0.052778
1 0.047266 0.029167 0.016406 0.041667
1 0.053906 0.272222 0.021875 0.052778
1 0.235937 0.270139 0.026562 0.059722
1 0.064062 0.686806 0.050000 0.101389
1 0.572656 0.905556 0.079687 0.080556
0 0.425391 0.745139 0.072656 0.106944
1 0.885547 0.038889 0.016406 0.038889
1 0.987500 0.092361 0.015625 0.034722
0 0.679688 0.020833 0.018750 0.030556
0 0.336496 0.834630 0.077372 0.136187
1 0.875182 0.022049 0.018978 0.041505
1 0.990146 0.084306 0.015328 0.046693
0 0.576953 0.316667 0.044531 0.088889
1 0.873828 0.018056 0.017969 0.033333
1 0.991797 0.081944 0.016406 0.038889
0 0.681250 0.024306 0.017188 0.031944
0 0.417717 0.301887 0.045786 0.103774
0 0.756641 0.839583 0.055469 0.106944
0 0.679297 0.018750 0.017969 0.034722
1 0.873437 0.017361 0.018750 0.031944
1 0.994531 0.084722 0.010937 0.036111
0 0.747778 0.814229 0.062963 0.115942
0 0.674815 0.030962 0.020741 0.035573
1 0.863333 0.027668 0.017037 0.036891
1 0.980741 0.095520 0.011852 0.038208
1 0.473047 0.598611 0.058594 0.119444
1 0.822266 0.024306 0.019531 0.029167
1 0.222266 0.865278 0.077344 0.108333
1 0.820312 0.014583 0.018750 0.026389
0 0.122266 0.884028 0.071094 0.106944
1 0.828125 0.025000 0.017188 0.027778
0 0.682813 0.020139 0.015625 0.034722
1 0.426172 0.227778 0.038281 0.052778
1 0.638672 0.441667 0.041406 0.075000
1 0.421875 0.339583 0.039062 0.073611
1 0.827344 0.015972 0.018750 0.029167
0 0.678125 0.014583 0.018750 0.026389
0 0.155078 0.480556 0.044531 0.086111
1 0.328906 0.725000 0.071875 0.088889
0 0.682813 0.018750 0.015625 0.034722
0 0.807170 0.295973 0.041509 0.095302
1 0.660755 0.582550 0.067170 0.128859
0 0.274219 0.633333 0.056250 0.100000
0 0.685156 0.018750 0.014063 0.034722
0 0.788490 0.524772 0.062317 0.123859
1 0.562500 0.403472 0.039062 0.076389
0 0.646094 0.159722 0.018750 0.047222
1 0.512109 0.136806 0.016406 0.059722
1 0.503516 0.359028 0.050781 0.079167
1 0.855078 0.018750 0.017969 0.034722
0 0.682031 0.018056 0.015625 0.033333
0 0.638281 0.319444 0.034375 0.066667
0 0.357544 0.312110 0.025965 0.067416
1 0.493333 0.347066 0.051930 0.092385
1 0.663281 0.824306 0.071875 0.095833
0 0.725781 0.492361 0.045312 0.081944
1 0.853516 0.018056 0.017969 0.033333
0 0.681641 0.018056 0.017969 0.033333
0 0.708262 0.476551 0.036627 0.078669
1 0.670358 0.770802 0.061329 0.098336
1 0.254297 0.344444 0.044531 0.063889
1 0.252734 0.280556 0.052344 0.077778
1 0.117188 0.648611 0.043750 0.125000
1 0.037500 0.618750 0.042188 0.104167
1 0.339453 0.605556 0.055469 0.050000
1 0.740625 0.481944 0.040625 0.088889
0 0.335938 0.300694 0.040625 0.087500
1 0.304297 0.721528 0.049219 0.118056
0 0.339844 0.262500 0.045312 0.113889
1 0.309375 0.754861 0.060937 0.143056
2 0.144141 0.412500 0.039844 0.119444
0 0.063281 0.575694 0.040625 0.098611
1 0.128906 0.778472 0.048438 0.145833
2 0.202734 0.430556 0.038281 0.094444
0 0.137109 0.563194 0.033594 0.076389
1 0.191016 0.731250 0.038281 0.112500
2 0.844749 0.439107 0.035008 0.117727
0 0.918950 0.608931 0.034247 0.086604
1 0.845890 0.805819 0.043379 0.117727
2 0.068838 0.594737 0.034049 0.107895
0 0.016654 0.775658 0.031828 0.088158
1 0.097705 0.940132 0.044412 0.119737
2 0.136719 0.439583 0.037500 0.126389
0 0.048047 0.624306 0.039844 0.101389
1 0.116016 0.853472 0.049219 0.162500
2 0.200626 0.354762 0.036640 0.122222
0 0.119303 0.538889 0.042002 0.096825
1 0.193923 0.755556 0.050045 0.146032
2 0.873309 0.408654 0.038774 0.121795
0 0.957619 0.576923 0.039675 0.092949
1 0.888638 0.796474 0.044184 0.141026
1 0.783594 0.620139 0.039062 0.112500
1 0.626953 0.297917 0.042969 0.112500
1 0.608586 0.450599 0.030303 0.062874
0 0.662037 0.235778 0.015993 0.031437
1 0.161719 0.193056 0.028125 0.047222
0 0.969531 0.709028 0.037500 0.095833
1 0.594922 0.163194 0.016406 0.037500
1 0.400781 0.083333 0.009375 0.016667
1 0.436719 0.040972 0.009375 0.020833
0 0.585938 0.454861 0.028125 0.076389
0 0.426567 0.464286 0.029935 0.061462
0 0.201590 0.262458 0.010290 0.029900
0 0.570703 0.467361 0.039844 0.073611
0 0.566689 0.466627 0.038204 0.082241
0 0.826953 0.836806 0.053906 0.084722
0 0.857724 0.774478 0.049684 0.113965
0 0.607812 0.916667 0.048438 0.119444
0 0.918750 0.254861 0.018750 0.040278
1 0.776563 0.796528 0.046875 0.068056
0 0.891797 0.233333 0.014844 0.030556
0 0.163280 0.363014 0.012614 0.031133
1 0.263840 0.816314 0.044149 0.066002
0 0.496094 0.459028 0.037500 0.068056
0 0.919922 0.242361 0.014844 0.031944
0 0.578877 0.520214 0.046791 0.084423
0 0.303516 0.627083 0.055469 0.084722
0 0.921484 0.239583 0.013281 0.029167
0 0.760963 0.653453 0.046729 0.079284
0 0.225377 0.150895 0.013659 0.033248
0 0.261682 0.060102 0.010065 0.028133
1 0.525391 0.581250 0.050781 0.076389
0 0.917578 0.240278 0.011719 0.027778
1 0.527344 0.711111 0.045312 0.091667
0 0.862891 0.400000 0.011719 0.033333
0 0.842187 0.295833 0.009375 0.025000
0 0.023438 0.708333 0.039062 0.072222
1 0.539062 0.582639 0.053125 0.076389
0 0.889453 0.243056 0.016406 0.030556
0 0.888672 0.302778 0.021094 0.047222
1 0.524609 0.828472 0.057031 0.118056
0 0.889844 0.671528 0.028125 0.073611
1 0.217969 0.246528 0.020313 0.040278
1 0.578906 0.220139 0.012500 0.026389
1 0.447266 0.118750 0.008594 0.018056
1 0.417969 0.152778 0.009375 0.016667
1 0.275781 0.154861 0.020313 0.040278
1 0.742969 0.796528 0.053125 0.054167
1 0.625391 0.168750 0.017969 0.031944
1 0.653906 0.233333 0.020313 0.027778
1 0.384375 0.054167 0.009375 0.011111
0 0.244922 0.434722 0.035156 0.075000
0 0.288281 0.445139 0.032813 0.062500
0 0.830859 0.289583 0.014844 0.026389
2 0.072656 0.675000 0.053125 0.086111
0 0.894141 0.240972 0.013281 0.031944
2 0.791115 0.675900 0.051442 0.077562
0 0.052221 0.281856 0.015588 0.031856
0 0.953840 0.200153 0.018119 0.035276
0 0.686328 0.415278 0.013281 0.030556
2 0.144531 0.649306 0.039062 0.065278
0 0.827734 0.285417 0.013281 0.023611
2 0.035644 0.749413 0.059406 0.092723
0 0.909901 0.212441 0.016502 0.037559
2 0.901612 0.520362 0.045802 0.072398
0 0.139101 0.328054 0.015267 0.025641
0 0.061006 0.120059 0.019786 0.040996
0 0.778516 0.503472 0.036719 0.079167
0 0.905859 0.130556 0.017969 0.033333
0 0.821094 0.127083 0.014063 0.037500
0 0.901953 0.244444 0.013281 0.027778
0 0.815234 0.465278 0.041406 0.094444
0 0.958594 0.168750 0.015625 0.040278
0 0.961719 0.037500 0.018750 0.038889
0 0.865625 0.034722 0.014063 0.038889
1 0.793750 0.502083 0.035937 0.059722
1 0.467187 0.293750 0.039062 0.065278
1 0.557031 0.215972 0.023438 0.048611
1 0.661328 0.537500 0.027344 0.080556
1 0.530469 0.023611 0.010937 0.022222
1 0.441797 0.582639 0.044531 0.079167
0 0.267188 0.536111 0.043750 0.072222
0 0.304297 0.526389 0.036719 0.066667
1 0.525391 0.325694 0.039844 0.056944
1 0.605859 0.820139 0.050781 0.081944
0 0.891406 0.236806 0.014063 0.029167
0 0.880469 0.125694 0.010937 0.023611
0 0.872218 0.261255 0.013047 0.025921
0 0.877974 0.378581 0.015349 0.031378
1 0.547583 0.924966 0.057559 0.092769
0 0.337500 0.334028 0.034375 0.070833
0 0.362500 0.359722 0.025000 0.069444
2 0.668750 0.696528 0.060937 0.145833
0 0.367969 0.053472 0.010937 0.031944
1 0.429297 0.013889 0.016406 0.022222
1 0.509375 0.756250 0.064062 0.087500
1 0.340625 0.304167 0.053125 0.086111
1 0.120703 0.884722 0.075781 0.141667
0 0.246094 0.485417 0.042188 0.118056
0 0.205582 0.540503 0.040094 0.125698
0 0.230469 0.531944 0.056250 0.091667
0 0.721739 0.504756 0.034783 0.093936
0 0.310937 0.627778 0.039062 0.119444
0 0.599413 0.535854 0.030814 0.109518
1 0.304688 0.552778 0.050000 0.119444
1 0.213281 0.558333 0.048438 0.116667
1 0.216797 0.515278 0.035156 0.125000
0 0.195703 0.569444 0.038281 0.097222
0 0.203080 0.562420 0.045129 0.092994
0 0.295703 0.530556 0.046094 0.111111
0 0.249609 0.508333 0.052344 0.119444
2 0.686347 0.770492 0.062731 0.134426
0 0.407749 0.106557 0.009225 0.032787
1 0.469557 0.068852 0.014760 0.022951
1 0.643911 0.219672 0.009225 0.032787
2 0.642050 0.717929 0.059079 0.106646
0 0.432667 0.101236 0.006950 0.032457
1 0.487402 0.078053 0.010426 0.020093
1 0.631190 0.236476 0.009557 0.027821
2 0.666397 0.707914 0.058300 0.132374
0 0.368016 0.059712 0.010526 0.033094
1 0.429555 0.016547 0.012146 0.021583
1 0.608502 0.157554 0.007287 0.030216
1 0.651012 0.223741 0.011336 0.035971
2 0.384068 0.797590 0.077966 0.159036
0 0.752881 0.090361 0.012881 0.036145
1 0.685085 0.031325 0.016949 0.026506
1 0.472203 0.171687 0.010169 0.032530
1 0.421017 0.243976 0.012203 0.037349
2 0.654968 0.692146 0.057571 0.127630
0 0.377366 0.087658 0.008675 0.035063
1 0.434937 0.049790 0.011830 0.021038
1 0.602524 0.180224 0.007886 0.023843
1 0.640379 0.241935 0.009464 0.035063
2 0.635417 0.817664 0.070513 0.145299
0 0.298478 0.084046 0.008814 0.039886
1 0.367788 0.034900 0.014423 0.027066
1 0.568910 0.191595 0.011218 0.035613
1 0.614984 0.267806 0.015224 0.045584
2 0.639453 0.672917 0.055469 0.106944
0 0.389453 0.128472 0.008594 0.031944
1 0.441797 0.093056 0.010156 0.019444
1 0.592969 0.211111 0.009375 0.027778
1 0.626172 0.265972 0.010156 0.037500
1 0.080469 0.291667 0.028125 0.058333
1 0.158594 0.221528 0.028125 0.045833
1 0.215625 0.185417 0.020313 0.051389
1 0.286328 0.238194 0.019531 0.045833
1 0.680469 0.227083 0.018750 0.037500
1 0.614844 0.162500 0.012500 0.033333
1 0.850000 0.820833 0.043750 0.088889
1 0.712109 0.438194 0.061719 0.115278
1 0.472266 0.525000 0.044531 0.158333
1 0.564453 0.429167 0.035156 0.075000
1 0.450000 0.418750 0.042188 0.093056
1 0.101953 0.665972 0.041406 0.084722
0 0.514453 0.881250 0.061719 0.112500
0 0.494531 0.942361 0.079687 0.115278
0 0.487109 0.414583 0.036719 0.062500
0 0.448057 0.405710 0.039611 0.065073
0 0.660547 0.521528 0.044531 0.098611
0 0.653982 0.514937 0.040708 0.114780
0 0.258203 0.723611 0.058594 0.177778
0 0.316288 0.700337 0.089015 0.212121
1 0.021875 0.620139 0.042188 0.131944
1 0.725000 0.713889 0.050000 0.094444
1 0.861719 0.477778 0.045312 0.088889
1 0.641016 0.118750 0.016406 0.029167
1 0.646094 0.212500 0.020313 0.038889
1 0.160156 0.644444 0.048438 0.119444
0 0.475391 0.659722 0.035156 0.144444
0 0.476953 0.638194 0.032031 0.109722
0 0.846094 0.677778 0.050000 0.094444
0 0.944369 0.512743 0.066212 0.112864
2 0.646875 0.557639 0.065625 0.076389
2 0.618750 0.551389 0.062500 0.066667
2 0.300000 0.573016 0.057143 0.063492
2 0.426874 0.581301 0.065814 0.076423
2 0.264813 0.613452 0.081130 0.085900
2 0.552822 0.590432 0.059711 0.058343
2 0.322924 0.556707 0.070693 0.079268
2 0.669922 0.592361 0.064844 0.065278
0 0.157031 0.635417 0.042188 0.126389
1 0.723047 0.379861 0.033594 0.087500
0 0.195703 0.709722 0.077344 0.094444
0 0.846484 0.830556 0.075781 0.105556
0 0.183544 0.708709 0.078481 0.117117
1 0.865401 0.834835 0.085232 0.135135
1 0.540234 0.698611 0.066406 0.127778
0 0.825391 0.752083 0.044531 0.123611
1 0.537271 0.656250 0.063291 0.120000
0 0.773558 0.703125 0.043601 0.121250
0 0.086328 0.802083 0.057031 0.137500
0 0.170989 0.719283 0.053794 0.117747
1 0.810156 0.750000 0.059375 0.152778
1 0.204297 0.839583 0.053906 0.081944
0 0.335156 0.665278 0.037500 0.127778
0 0.358203 0.636806 0.039844 0.106944
0 0.885156 0.909722 0.068750 0.125000
1 0.745313 0.520833 0.056250 0.080556
1 0.936719 0.543056 0.045312 0.119444
0 0.573828 0.513889 0.041406 0.102778
0 0.565234 0.508333 0.032031 0.100000
0 0.651172 0.616667 0.060156 0.122222
0 0.678268 0.548831 0.052591 0.115543
0 0.178516 0.536111 0.042969 0.125000
0 0.134766 0.547222 0.060156 0.136111
0 0.548438 0.527083 0.045312 0.118056
0 0.389076 0.489808 0.063385 0.111511
1 0.686328 0.503472 0.042969 0.115278
1 0.116797 0.603472 0.042969 0.098611
1 0.256641 0.493056 0.052344 0.094444
1 0.343359 0.060417 0.011719 0.020833
1 0.432812 0.040278 0.010937 0.019444
1 0.607812 0.193056 0.014063 0.027778
1 0.462500 0.033333 0.010937 0.019444
1 0.494922 0.025000 0.011719 0.019444
1 0.480078 0.115972 0.017969 0.034722
0 0.689844 0.859028 0.062500 0.101389
0 0.405319 0.942623 0.070213 0.104666
1 0.444141 0.426389 0.036719 0.069444
2 0.393750 0.375694 0.048438 0.084722
1 0.394531 0.233333 0.043750 0.055556
2 0.385156 0.344444 0.054688 0.097222
1 0.382422 0.189583 0.050781 0.059722
2 0.347266 0.154167 0.047656 0.100000
2 0.532319 0.289696 0.058935 0.103041
1 0.538498 0.122466 0.048479 0.069257
2 0.404336 0.384422 0.045240 0.085427
1 0.404807 0.252931 0.040528 0.050251
2 0.524219 0.411806 0.054688 0.101389
1 0.531641 0.254167 0.047656 0.058333
2 0.370312 0.368750 0.053125 0.106944
1 0.367969 0.193750 0.051562 0.054167
2 0.602927 0.372617 0.046829 0.086655
1 0.604878 0.233102 0.044878 0.050260
2 0.270703 0.419444 0.046094 0.050000
2 0.308594 0.436806 0.039062 0.034722
2 0.267969 0.434028 0.053125 0.045833
2 0.739180 0.360999 0.053910 0.049933
2 0.252734 0.406944 0.047656 0.044444
2 0.307812 0.433333 0.042188 0.036111
2 0.333650 0.324324 0.039924 0.043919
2 0.708098 0.472362 0.041431 0.033501
1 0.166797 0.796528 0.077344 0.137500
1 0.169922 0.823611 0.074219 0.100000
1 0.382031 0.348611 0.060937 0.058333
1 0.447266 0.186111 0.038281 0.066667
1 0.750000 0.511111 0.051562 0.111111
1 0.158203 0.588889 0.042969 0.072222
1 0.416016 0.081944 0.017969 0.038889
0 0.858203 0.682639 0.057031 0.145833
0 0.051804 0.787829 0.064755 0.151316
2 0.543750 0.677778 0.064062 0.119444
2 0.455739 0.646194 0.059339 0.126298
2 0.463687 0.686258 0.054004 0.127483
2 0.506389 0.605861 0.053800 0.111244
2 0.528125 0.650000 0.056250 0.147222
2 0.384615 0.718300 0.051822 0.102305
2 0.486230 0.572261 0.043934 0.107226
2 0.367578 0.456250 0.066406 0.151389
0 0.172656 0.749306 0.039062 0.109722
0 0.823575 0.738889 0.040593 0.119444
1 0.026953 0.831250 0.046094 0.123611
1 0.124609 0.919444 0.053906 0.122222
0 0.873828 0.388889 0.052344 0.108333
0 0.807031 0.403472 0.029687 0.084722
1 0.440625 0.777778 0.060937 0.108333
0 0.031250 0.583333 0.039062 0.125000
0 0.069141 0.375694 0.052344 0.148611
1 0.559766 0.654861 0.075781 0.137500
0 0.676562 0.502083 0.043750 0.098611
0 0.777778 0.397767 0.037037 0.125734
2 0.756641 0.430556 0.046094 0.119444
2 0.139643 0.535533 0.047857 0.142132
2 0.847458 0.240361 0.043390 0.124096
2 0.793478 0.427935 0.035117 0.109955
2 0.924609 0.604167 0.050781 0.133333
2 0.805118 0.597902 0.043307 0.107692
2 0.711719 0.437500 0.037500 0.097222
2 0.208597 0.416264 0.046154 0.133655
1 0.765234 0.501389 0.036719 0.083333
1 0.473047 0.293056 0.038281 0.072222
1 0.392969 0.095139 0.020313 0.037500
1 0.612891 0.121528 0.017969 0.031944
0 0.161719 0.587500 0.053125 0.094444
0 0.888114 0.596812 0.073705 0.126328
0 0.910156 0.678472 0.051562 0.106944
0 0.827613 0.644938 0.062402 0.110957
0 0.277344 0.600000 0.071875 0.108333
0 0.270703 0.603472 0.085156 0.126389
1 0.085547 0.643750 0.063281 0.115278
0 0.069531 0.748611 0.050000 0.077778
0 0.172245 0.659232 0.052999 0.089219
1 0.347656 0.872222 0.073438 0.166667
0 0.210938 0.721528 0.043750 0.118056
0 0.167737 0.631241 0.067416 0.138374
2 0.812500 0.668750 0.057813 0.087500
2 0.762109 0.627083 0.055469 0.104167
2 0.667578 0.682639 0.071094 0.123611
2 0.057280 0.536137 0.074649 0.099869
2 0.189553 0.657710 0.063732 0.095794
2 0.835646 0.671032 0.063313 0.106317
2 0.152154 0.681596 0.071494 0.109121
2 0.763281 0.628472 0.056250 0.095833
0 0.167969 0.649306 0.050000 0.123611
0 0.883922 0.546025 0.048627 0.152022
1 0.355078 0.792361 0.047656 0.120833
1 0.531250 0.289583 0.026562 0.059722
1 0.536328 0.533333 0.052344 0.094444
1 0.404297 0.103472 0.019531 0.040278
1 0.496094 0.063889 0.018750 0.038889
1 0.613281 0.115972 0.020313 0.045833
1 0.258594 0.829861 0.071875 0.120833
2 0.487500 0.272222 0.042188 0.063889
2 0.438098 0.243309 0.036252 0.053528
1 0.592339 0.766423 0.068399 0.107056
2 0.514146 0.233969 0.042927 0.062392
1 0.714146 0.774697 0.080000 0.114385
2 0.550574 0.237245 0.040890 0.061224
1 0.805595 0.735332 0.074605 0.126276
1 0.662945 0.777206 0.068652 0.101471
2 0.508271 0.286765 0.037221 0.052941
2 0.429229 0.186756 0.044389 0.063988
1 0.175042 0.682292 0.077052 0.135417
1 0.299609 0.775000 0.069531 0.102778
2 0.492578 0.309722 0.039844 0.055556
2 0.462927 0.214038 0.045854 0.057192
1 0.240000 0.732236 0.076098 0.123050
2 0.490625 0.306250 0.032813 0.051389
2 0.491016 0.335417 0.033594 0.048611
2 0.597464 0.219014 0.030111 0.054930
2 0.445312 0.297222 0.037500 0.052778
2 0.422559 0.306886 0.038721 0.062874
2 0.675781 0.220833 0.039062 0.058333
2 0.407813 0.134028 0.040625 0.070833
2 0.403214 0.419655 0.032138 0.042497
1 0.763672 0.494444 0.035156 0.077778
2 0.423828 0.533333 0.057031 0.063889
2 0.321094 0.477778 0.064062 0.083333
2 0.436123 0.531348 0.059912 0.075235
2 0.420715 0.543974 0.069661 0.091205
2 0.400650 0.464653 0.061416 0.080977
2 0.591343 0.520606 0.052488 0.086061
2 0.626172 0.744444 0.055469 0.075000
2 0.564171 0.542789 0.074866 0.093502
0 0.712500 0.402778 0.031250 0.077778
1 0.969141 0.790972 0.035156 0.106944
0 0.679297 0.417361 0.027344 0.068056
1 0.891016 0.742361 0.028906 0.109722
0 0.936719 0.610417 0.040625 0.087500
0 0.882031 0.610417 0.031250 0.073611
0 0.952823 0.621951 0.049194 0.093257
1 0.519531 0.342361 0.037500 0.051389
1 0.415625 0.511806 0.050000 0.045833
1 0.467187 0.127083 0.020313 0.054167
1 0.421875 0.513889 0.046875 0.050000
1 0.476953 0.133333 0.022656 0.047222
1 0.590625 0.116667 0.014063 0.038889
1 0.421094 0.524306 0.043750 0.045833
1 0.500391 0.134028 0.021094 0.056944
1 0.557031 0.840972 0.081250 0.131944
1 0.400391 0.095139 0.017969 0.045833
1 0.451172 0.054861 0.019531 0.043056
1 0.626953 0.122222 0.021094 0.030556
1 0.482812 0.517361 0.053125 0.109722
0 0.535937 0.366667 0.031250 0.058333
1 0.518263 0.512255 0.059269 0.125000
0 0.462440 0.362745 0.037216 0.063725
0 0.474219 0.743056 0.043750 0.094444
0 0.481867 0.774791 0.036938 0.087216
0 0.110937 0.806250 0.070312 0.084722
0 0.173047 0.753472 0.061719 0.081944
0 0.880859 0.560417 0.044531 0.109722
0 0.242969 0.459722 0.053125 0.102778
1 0.585156 0.704167 0.046875 0.136111
1 0.981250 0.600000 0.037500 0.113889
1 0.039844 0.657639 0.064062 0.112500
0 0.833203 0.722917 0.072656 0.145833
0 0.106594 0.755217 0.083107 0.174960
0 0.871094 0.770833 0.057813 0.136111
0 0.808594 0.725694 0.045312 0.123611
0 0.712109 0.372222 0.049219 0.125000
0 0.678125 0.387500 0.042188 0.108333
1 0.260547 0.427778 0.047656 0.072222
1 0.493750 0.080556 0.017188 0.036111
1 0.612500 0.103472 0.015625 0.029167
1 0.411328 0.754167 0.057031 0.116667
0 0.524219 0.664583 0.040625 0.093056
0 0.046094 0.505556 0.025000 0.058333
0 0.518037 0.643070 0.042785 0.090909
0 0.086829 0.505216 0.019295 0.050671
1 0.744141 0.514583 0.039844 0.068056
1 0.319531 0.874306 0.070312 0.112500
0 0.147656 0.358333 0.031250 0.072222
0 0.828192 0.293445 0.033419 0.089939
1 0.639844 0.508681 0.045312 0.060417
1 0.300391 0.257986 0.028125 0.046528
1 0.319141 0.590278 0.063281 0.066667
1 0.519141 0.213194 0.047656 0.065278
0 0.494922 0.050694 0.030469 0.059722
1 0.218359 0.745139 0.077344 0.123611
1 0.083984 0.784722 0.063281 0.100000
1 0.612891 0.111111 0.019531 0.030556
1 0.496875 0.093056 0.015625 0.036111
1 0.468750 0.174306 0.039062 0.068056
1 0.470703 0.038889 0.035156 0.063889
1 0.330078 0.204861 0.041406 0.068056
1 0.385156 0.539583 0.056250 0.054167
2 0.311328 0.816667 0.103906 0.163889
2 0.290271 0.702837 0.089314 0.154610
2 0.447266 0.856250 0.110156 0.187500
2 0.360300 0.751664 0.088390 0.147803
2 0.623061 0.930456 0.121376 0.139089
2 0.279297 0.881944 0.119531 0.200000
2 0.267969 0.852083 0.114062 0.173611
2 0.283793 0.851675 0.094149 0.133971
2 0.116016 0.699306 0.177344 0.387500
2 0.898556 0.808108 0.180091 0.318919
2 0.117188 0.701389 0.232813 0.458333
2 0.902884 0.727753 0.194232 0.405732
2 0.137891 0.801389 0.217969 0.397222
2 0.092245 0.822932 0.182857 0.348331
2 0.892975 0.682819 0.214050 0.414097
2 0.104297 0.583333 0.169531 0.344444
2 0.084447 0.527966 0.165076 0.340678
2 0.171484 0.572917 0.149219 0.284722
2 0.074816 0.496437 0.148297 0.351544
2 0.171094 0.570833 0.151562 0.288889
2 0.855728 0.708176 0.188119 0.322013
2 0.170703 0.563889 0.150781 0.288889
2 0.169922 0.522222 0.057031 0.086111
2 0.282985 0.551780 0.054595 0.077670
2 0.173047 0.497222 0.067969 0.097222
2 0.713947 0.699158 0.048070 0.064982
2 0.222612 0.518692 0.054338 0.071651
2 0.223438 0.518056 0.053125 0.080556
2 0.738117 0.456140 0.046637 0.076555
2 0.269081 0.581025 0.049065 0.067867
2 0.226562 0.466667 0.059375 0.086111
2 0.725357 0.471584 0.051666 0.067715
2 0.745092 0.397555 0.062173 0.082654
2 0.216797 0.434028 0.067969 0.093056
2 0.271094 0.470139 0.053125 0.065278
2 0.273047 0.468750 0.050781 0.065278
2 0.882700 0.620629 0.073394 0.096737
2 0.754167 0.555099 0.062037 0.080592
2 0.333594 0.456944 0.062500 0.102778
2 0.589803 0.351462 0.071711 0.111111
2 0.314063 0.452778 0.075000 0.102778
2 0.335938 0.461111 0.076563 0.113889
2 0.360938 0.465278 0.053125 0.086111
2 0.319964 0.508716 0.058824 0.082409
2 0.431153 0.445719 0.049914 0.084098
2 0.391304 0.433613 0.071834 0.117647
1 0.427344 0.950000 0.100000 0.100000
2 0.260547 0.945139 0.074219 0.104167
2 0.598719 0.880857 0.058026 0.088353
2 0.375781 0.924306 0.057813 0.112500
2 0.282220 0.898621 0.067547 0.084138
2 0.129297 0.502083 0.047656 0.087500
1 0.630859 0.131250 0.021094 0.029167
1 0.648438 0.229861 0.014063 0.043056
1 0.528906 0.125000 0.023438 0.041667
1 0.151562 0.643056 0.062500 0.091667
0 0.447656 0.218056 0.037500 0.072222
1 0.484375 0.085417 0.034375 0.040278
0 0.581724 0.110304 0.041605 0.083223
1 0.226172 0.402778 0.041406 0.069444
2 0.131512 0.506829 0.052946 0.075873
1 0.630231 0.128225 0.018787 0.034901
1 0.646456 0.233687 0.011956 0.033384
2 0.076953 0.518056 0.057031 0.086111
1 0.664453 0.077083 0.024219 0.037500
1 0.681250 0.193750 0.012500 0.043056
2 0.843707 0.380170 0.041724 0.076642
1 0.378591 0.200730 0.019836 0.031630
1 0.374487 0.294404 0.012996 0.036496
2 0.289604 0.554648 0.038897 0.064070
1 0.665134 0.143844 0.014851 0.028894
1 0.684936 0.225503 0.009194 0.031407
2 0.191797 0.504861 0.042969 0.062500
1 0.607422 0.188889 0.016406 0.030556
1 0.621094 0.274306 0.010937 0.034722
2 0.051172 0.510417 0.060156 0.090278
1 0.658594 0.096528 0.025000 0.037500
1 0.677734 0.206944 0.010156 0.044444
0 0.266406 0.709028 0.059375 0.115278
2 0.301953 0.440278 0.078906 0.108333
2 0.407982 0.400352 0.061346 0.106682
2 0.295723 0.459371 0.070796 0.103539
2 0.741908 0.482576 0.083475 0.116667
2 0.196194 0.380980 0.089239 0.110852
2 0.318565 0.449375 0.075949 0.108750
2 0.155078 0.435417 0.069531 0.120833
2 0.303906 0.436806 0.084375 0.112500
1 0.277344 0.739583 0.093750 0.104167
0 0.211719 0.793056 0.076563 0.097222
0 0.220228 0.896226 0.102773 0.108853
1 0.300000 0.235417 0.035937 0.101389
1 0.396875 0.230556 0.045312 0.097222
1 0.398828 0.229167 0.042969 0.088889
0 0.200781 0.368750 0.018750 0.109722
0 0.163793 0.353554 0.033793 0.106618
1 0.385862 0.189338 0.042069 0.116422
1 0.358594 0.238889 0.050000 0.080556
0 0.296094 0.422917 0.051562 0.084722
0 0.325267 0.438047 0.053322 0.068513
1 0.111328 0.682639 0.039844 0.120833
0 0.371875 0.286806 0.053125 0.062500
0 0.392857 0.188119 0.052876 0.075908
0 0.270405 0.588272 0.038325 0.097100
1 0.482031 0.459028 0.045312 0.065278
0 0.216797 0.331250 0.061719 0.101389
0 0.200391 0.293056 0.063281 0.116667
1 0.313672 0.437500 0.053906 0.055556
1 0.287500 0.507639 0.073438 0.068056
1 0.394922 0.225694 0.042969 0.070833
1 0.072266 0.641667 0.027344 0.125000
1 0.537891 0.320139 0.057031 0.123611
1 0.817969 0.820139 0.089063 0.115278
1 0.775781 0.434028 0.053125 0.098611
1 0.924219 0.725000 0.043750 0.138889
1 0.737109 0.456250 0.038281 0.118056
1 0.044531 0.586806 0.056250 0.118056
1 0.805078 0.493750 0.039844 0.112500
0 0.734375 0.412500 0.056250 0.119444
0 0.304606 0.419975 0.042568 0.105459
