1 0.601562 0.790278 0.060937 0.125000
0 0.961328 0.634722 0.032031 0.069444
0 0.390625 0.952083 0.067187 0.095833
1 0.394141 0.540278 0.055469 0.108333
1 0.530859 0.235417 0.035156 0.073611
0 0.964844 0.638889 0.018750 0.055556
1 0.485889 0.105351 0.038570 0.070234
1 0.609595 0.510870 0.058325 0.128763
1 0.618750 0.616667 0.070312 0.105556
1 0.512500 0.388889 0.037500 0.038889
1 0.630078 0.492361 0.050781 0.087500
1 0.434766 0.376389 0.046094 0.075000
1 0.137891 0.463889 0.064844 0.127778
0 0.076953 0.742361 0.050781 0.090278
1 0.624219 0.165972 0.015625 0.034722
0 0.894757 0.720165 0.036237 0.085048
1 0.417502 0.227023 0.014649 0.028807
1 0.224609 0.646528 0.041406 0.090278
1 0.122266 0.287500 0.033594 0.050000
0 0.833203 0.332639 0.030469 0.068056
1 0.666406 0.227083 0.020313 0.037500
1 0.612891 0.181944 0.016406 0.027778
1 0.276873 0.615875 0.036482 0.070684
1 0.198046 0.330243 0.023453 0.041715
1 0.631596 0.280997 0.013681 0.033604
1 0.591531 0.243337 0.011726 0.023175
0 0.766775 0.366744 0.024756 0.049826
0 0.624609 0.598611 0.047656 0.094444
0 0.342187 0.178472 0.020313 0.043056
1 0.044531 0.281944 0.018750 0.052778
1 0.659375 0.218056 0.015625 0.041667
0 0.381641 0.385417 0.013281 0.037500
0 0.600000 0.795139 0.039062 0.081944
1 0.657031 0.502778 0.014063 0.030556
1 0.114453 0.392361 0.011719 0.037500
1 0.309375 0.712500 0.065625 0.108333
1 0.613281 0.158333 0.014063 0.030556
2 0.415234 0.554167 0.055469 0.091667
1 0.285156 0.518750 0.045312 0.090278
2 0.400000 0.522917 0.057813 0.095833
1 0.264062 0.482639 0.048438 0.093056
2 0.351812 0.483247 0.045652 0.082474
1 0.250725 0.407861 0.040580 0.078608
2 0.596310 0.587270 0.048708 0.093176
1 0.710332 0.516404 0.042066 0.087927
1 0.345957 0.563540 0.040000 0.077156
2 0.457872 0.578669 0.045957 0.077156
2 0.403214 0.556494 0.058437 0.107792
1 0.271366 0.465584 0.051863 0.094805
2 0.412891 0.534028 0.060156 0.106944
1 0.259375 0.494444 0.050000 0.100000
2 0.617145 0.646207 0.045772 0.086897
1 0.738945 0.658621 0.042669 0.086897
2 0.353125 0.786806 0.060937 0.104167
2 0.375781 0.170139 0.021875 0.037500
2 0.376172 0.597222 0.061719 0.116667
2 0.613549 0.778386 0.047729 0.090287
2 0.585065 0.243502 0.018476 0.035568
2 0.422840 0.801220 0.051440 0.095122
2 0.444102 0.269512 0.018519 0.034146
2 0.368421 0.760832 0.054581 0.090121
2 0.388889 0.205373 0.019493 0.036395
2 0.262238 0.643646 0.052059 0.096685
2 0.339161 0.087707 0.019425 0.037293
2 0.601434 0.781529 0.051613 0.110828
2 0.578495 0.185987 0.020072 0.040764
2 0.370841 0.615086 0.044658 0.091757
2 0.463660 0.138414 0.016637 0.037325
0 0.315625 0.401389 0.032813 0.111111
0 0.291201 0.387268 0.043997 0.124668
2 0.380859 0.165972 0.049219 0.126389
2 0.351247 0.100917 0.049011 0.149847
2 0.357031 0.081944 0.046875 0.147222
2 0.360547 0.094444 0.049219 0.147222
2 0.707193 0.163889 0.041439 0.127778
2 0.634831 0.128952 0.039326 0.108153
2 0.364813 0.138842 0.045062 0.137990
2 0.372293 0.154714 0.045556 0.131474
0 0.305859 0.294444 0.028906 0.072222
0 0.700544 0.229032 0.036298 0.077419
0 0.314063 0.181250 0.032813 0.090278
0 0.263672 0.170139 0.041406 0.098611
1 0.076172 0.769444 0.083594 0.144444
1 0.367578 0.256250 0.052344 0.068056
0 0.380469 0.089583 0.020313 0.073611
0 0.399609 0.161806 0.017969 0.059722
1 0.146875 0.731944 0.067187 0.102778
1 0.387109 0.295139 0.046094 0.065278
1 0.721094 0.381250 0.040625 0.129167
1 0.831641 0.440278 0.036719 0.086111
1 0.957422 0.781250 0.067969 0.109722
1 0.924609 0.675000 0.044531 0.108333
0 0.920703 0.715972 0.041406 0.098611
0 0.021759 0.707258 0.032638 0.098387
1 0.078125 0.595833 0.045312 0.088889
0 0.601172 0.418750 0.044531 0.129167
0 0.580078 0.427778 0.028906 0.111111
0 0.462109 0.448611 0.027344 0.097222
0 0.289062 0.406250 0.034375 0.081944
0 0.069922 0.650694 0.028906 0.098611
0 0.446875 0.409028 0.034375 0.115278
0 0.233984 0.361111 0.042969 0.100000
0 0.031641 0.761111 0.030469 0.086111
1 0.369922 0.175000 0.033594 0.044444
1 0.325781 0.134028 0.039062 0.048611
2 0.178516 0.580556 0.064844 0.116667
2 0.229687 0.571528 0.050000 0.084722
2 0.205546 0.626087 0.060359 0.115942
2 0.882401 0.440058 0.055921 0.116959
2 0.065094 0.635906 0.066038 0.124161
2 0.247470 0.676759 0.062557 0.099836
2 0.230078 0.572222 0.050781 0.086111
2 0.162500 0.576389 0.067187 0.127778
1 0.763672 0.447917 0.053906 0.098611
1 0.948438 0.232639 0.021875 0.051389
1 0.521094 0.063194 0.018750 0.031944
0 0.476728 0.292088 0.062059 0.082492
0 0.458438 0.361654 0.065491 0.085714
0 0.205497 0.482955 0.083770 0.099026
0 0.254581 0.485390 0.079843 0.081169
1 0.748139 0.728601 0.062035 0.137787
1 0.668108 0.403263 0.086486 0.167832
1 0.975676 0.578089 0.044324 0.233100
1 0.611111 0.633750 0.042383 0.232500
1 0.908594 0.584722 0.035937 0.119444
2 0.870703 0.545833 0.028906 0.116667
2 0.069940 0.560847 0.034226 0.121693
2 0.133451 0.451189 0.027465 0.093867
2 0.935524 0.417899 0.030782 0.110947
2 0.809375 0.543750 0.026562 0.098611
2 0.952344 0.529861 0.035937 0.140278
1 0.878516 0.762500 0.053906 0.141667
1 0.916797 0.768056 0.053906 0.127778
1 0.403516 0.604861 0.050781 0.123611
1 0.679688 0.907639 0.045312 0.126389
1 0.896094 0.726389 0.048438 0.144444
1 0.687109 0.413889 0.044531 0.058333
1 0.712500 0.267361 0.040625 0.065278
1 0.263317 0.366013 0.069007 0.065359
1 0.398922 0.137904 0.051213 0.084746
2 0.395706 0.373846 0.089571 0.095385
2 0.415337 0.396154 0.072393 0.075385
2 0.378457 0.390511 0.093159 0.102190
2 0.414724 0.394615 0.071166 0.075385
2 0.309693 0.300000 0.089835 0.105185
2 0.612602 0.354319 0.095683 0.114202
2 0.401840 0.351538 0.092025 0.118462
2 0.332245 0.391162 0.084856 0.104746
1 0.048214 0.845440 0.094048 0.126739
0 0.207831 0.385246 0.071084 0.072131
0 0.155378 0.258590 0.079681 0.094033
0 0.521984 0.596436 0.054192 0.186583
0 0.541922 0.595388 0.057260 0.205451
1 0.517497 0.652027 0.042418 0.150901
1 0.304142 0.559717 0.094675 0.172065
1 0.372079 0.351485 0.057243 0.156436
0 0.214596 0.428389 0.043440 0.140665
1 0.817116 0.659847 0.030408 0.204604
0 0.884422 0.223373 0.044221 0.162722
1 0.204523 0.701183 0.045226 0.230769
1 0.667045 0.583333 0.070455 0.199588
1 0.903068 0.819417 0.110181 0.201942
0 0.525731 0.411036 0.078363 0.222973
0 0.470075 0.429087 0.074813 0.180288
1 0.388281 0.754167 0.068750 0.119444
1 0.412109 0.301389 0.049219 0.091667
1 0.538281 0.215972 0.032813 0.062500
1 0.583594 0.279861 0.042188 0.068056
1 0.805859 0.278472 0.039844 0.087500
1 0.515234 0.377083 0.050781 0.093056
0 0.157031 0.343056 0.018750 0.044444
0 0.768806 0.489571 0.023464 0.046626
1 0.519141 0.517361 0.036719 0.098611
1 0.375391 0.284722 0.044531 0.100000
1 0.111719 0.536111 0.054688 0.097222
1 0.973047 0.413194 0.036719 0.073611
0 0.016797 0.296528 0.025781 0.040278
1 0.970313 0.414583 0.032813 0.070833
0 0.018359 0.291667 0.027344 0.041667
1 0.973437 0.415278 0.032813 0.063889
0 0.018359 0.297222 0.022656 0.044444
0 0.255859 0.023611 0.017969 0.044444
1 0.470313 0.443750 0.048438 0.098611
1 0.972266 0.415972 0.035156 0.068056
0 0.309375 0.572917 0.043750 0.059722
0 0.014063 0.306250 0.023438 0.034722
0 0.711724 0.507966 0.045517 0.072304
0 0.150391 0.534722 0.038281 0.066667
0 0.014844 0.304861 0.025000 0.037500
0 0.158488 0.534335 0.038616 0.064378
0 0.025342 0.306867 0.023331 0.035765
0 0.087109 0.608333 0.038281 0.058333
0 0.013672 0.306944 0.022656 0.033333
0 0.082692 0.523940 0.037692 0.060192
0 0.030769 0.218878 0.023077 0.030096
0 0.078125 0.588889 0.040625 0.066667
0 0.016406 0.302778 0.023438 0.038889
0 0.058203 0.627083 0.038281 0.065278
1 0.259375 0.380556 0.043750 0.077778
1 0.510547 0.118056 0.046094 0.088889
1 0.102344 0.162500 0.034375 0.061111
0 0.053516 0.126389 0.027344 0.052778
0 0.010937 0.125000 0.018750 0.052778
1 0.063281 0.148611 0.042188 0.066667
0 0.194922 0.238194 0.033594 0.081944
1 0.098828 0.394444 0.046094 0.102778
0 0.219805 0.056000 0.030008 0.082667
1 0.097899 0.190000 0.057764 0.105333
1 0.626563 0.230556 0.040625 0.105556
1 0.471094 0.133333 0.040625 0.047222
0 0.306250 0.153472 0.028125 0.059722
0 0.750623 0.295858 0.029925 0.062130
1 0.436409 0.258876 0.033250 0.097633
1 0.502344 0.290972 0.042188 0.081944
1 0.348828 0.511111 0.066406 0.111111
1 0.477734 0.362500 0.058594 0.102778
1 0.339844 0.167361 0.023438 0.068056
1 0.120313 0.388889 0.056250 0.097222
1 0.330469 0.165278 0.039062 0.069444
1 0.636719 0.093750 0.026562 0.051389
1 0.807422 0.079861 0.019531 0.037500
0 0.603906 0.165278 0.034375 0.066667
1 0.748493 0.119449 0.032730 0.073507
1 0.947459 0.402757 0.051680 0.104135
0 0.472007 0.052067 0.034453 0.070444
1 0.322266 0.322917 0.046094 0.081944
2 0.244141 0.388194 0.060156 0.118056
1 0.291016 0.139583 0.039844 0.073611
1 0.394531 0.234028 0.048438 0.081944
1 0.403125 0.535417 0.051562 0.087500
0 0.774609 0.788889 0.036719 0.080556
1 0.385156 0.526389 0.054688 0.127778
0 0.775391 0.823611 0.036719 0.116667
0 0.375781 0.309028 0.031250 0.090278
0 0.594063 0.356465 0.032688 0.103203
1 0.380859 0.229167 0.042969 0.094444
2 0.494922 0.468056 0.038281 0.108333
1 0.742578 0.400694 0.033594 0.109722
1 0.324609 0.187500 0.036719 0.066667
1 0.599609 0.511111 0.044531 0.088889
0 0.545703 0.290278 0.053906 0.080556
0 0.535547 0.328472 0.039844 0.059722
0 0.144922 0.153472 0.024219 0.051389
1 0.585156 0.177083 0.043750 0.073611
0 0.566406 0.239583 0.031250 0.068056
1 0.532031 0.827778 0.079687 0.083333
1 0.680078 0.344444 0.052344 0.086111
1 0.920312 0.486111 0.051562 0.136111
0 0.478808 0.286219 0.026490 0.054181
1 0.577483 0.363369 0.045033 0.078916
1 0.784106 0.458186 0.039735 0.115430
1 0.467881 0.779741 0.070861 0.084806
1 0.704297 0.432639 0.052344 0.090278
1 0.742969 0.703472 0.054688 0.154167
0 0.223047 0.427778 0.044531 0.113889
0 0.530078 0.319444 0.033594 0.091667
1 0.140551 0.661889 0.064577 0.173693
1 0.204653 0.347386 0.059829 0.114671
0 0.410731 0.253794 0.042735 0.112985
0 0.764957 0.443508 0.061728 0.128162
0 0.460547 0.366667 0.044531 0.094444
1 0.630859 0.468056 0.057031 0.094444
1 0.753906 0.784028 0.053125 0.148611
0 0.373617 0.343419 0.040851 0.118003
1 0.559149 0.504539 0.059574 0.119516
1 0.671489 0.906959 0.052766 0.180030
0 0.444141 0.376389 0.042969 0.100000
1 0.648047 0.454861 0.061719 0.104167
1 0.747266 0.821528 0.049219 0.129167
0 0.452734 0.395139 0.030469 0.087500
1 0.621094 0.462500 0.050000 0.083333
1 0.704297 0.761806 0.042969 0.112500
0 0.204297 0.478472 0.055469 0.095833
1 0.478906 0.404167 0.059375 0.105556
1 0.692578 0.822222 0.053906 0.130556
0 0.253516 0.480556 0.047656 0.080556
0 0.482422 0.422917 0.052344 0.081944
1 0.660156 0.760417 0.050000 0.120833
1 0.035156 0.419444 0.037500 0.100000
1 0.316797 0.575694 0.047656 0.087500
1 0.625000 0.424306 0.048438 0.054167
1 0.040625 0.484722 0.043750 0.108333
0 0.825000 0.666667 0.031250 0.097222
1 0.369141 0.845833 0.067969 0.097222
1 0.898047 0.427083 0.044531 0.093056
0 0.342969 0.356944 0.050000 0.083333
0 0.263281 0.354861 0.045312 0.084722
1 0.080469 0.591667 0.048438 0.105556
1 0.349609 0.384028 0.052344 0.093056
1 0.098437 0.598611 0.064062 0.080556
1 0.325000 0.384722 0.050000 0.075000
1 0.144922 0.446528 0.042969 0.081944
1 0.224609 0.543056 0.060156 0.094444
1 0.621875 0.649306 0.050000 0.087500
0 0.742578 0.079861 0.022656 0.045833
0 0.448437 0.586111 0.062500 0.097222
1 0.837109 0.275694 0.041406 0.090278
0 0.668750 0.295833 0.035937 0.091667
1 0.459375 0.318750 0.045312 0.079167
0 0.861328 0.027083 0.016406 0.034722
1 0.873828 0.303472 0.046094 0.090278
0 0.886328 0.039583 0.017969 0.034722
0 0.547266 0.437500 0.050781 0.100000
1 0.408594 0.152083 0.035937 0.065278
1 0.366797 0.534028 0.057031 0.098611
1 0.503906 0.251389 0.037500 0.061111
1 0.576562 0.463194 0.053125 0.081944
1 0.512500 0.818056 0.075000 0.091667
0 0.831250 0.100000 0.012500 0.033333
2 0.718750 0.547917 0.057813 0.095833
1 0.425391 0.395139 0.050781 0.084722
1 0.383984 0.152778 0.035156 0.050000
1 0.451953 0.198611 0.041406 0.075000
1 0.830859 0.374306 0.038281 0.070833
0 0.778516 0.118056 0.021094 0.047222
1 0.552344 0.249306 0.043750 0.084722
1 0.373828 0.125000 0.024219 0.058333
1 0.396484 0.218750 0.033594 0.059722
0 0.780078 0.120139 0.019531 0.045833
1 0.418359 0.138194 0.035156 0.068056
1 0.526953 0.315278 0.046094 0.083333
1 0.644141 0.504167 0.032031 0.069444
0 0.778906 0.122222 0.018750 0.044444
1 0.678516 0.313194 0.046094 0.101389
0 0.782813 0.120833 0.021875 0.044444
0 0.784766 0.120139 0.024219 0.045833
1 0.851953 0.351389 0.046094 0.094444
1 0.403516 0.136111 0.039844 0.066667
0 0.775000 0.113194 0.017188 0.045833
1 0.599219 0.245139 0.039062 0.084722
1 0.455469 0.379167 0.050000 0.077778
0 0.782422 0.117361 0.021094 0.040278
0 0.780469 0.129167 0.018750 0.038889
1 0.446484 0.782639 0.071094 0.101389
1 0.567187 0.688194 0.062500 0.109722
1 0.903906 0.056944 0.026562 0.052778
0 0.882031 0.036806 0.015625 0.031944
1 0.767969 0.281944 0.043750 0.088889
1 0.984375 0.096528 0.023438 0.045833
1 0.914453 0.039583 0.016406 0.043056
0 0.886328 0.036806 0.013281 0.031944
1 0.825391 0.313889 0.027344 0.075000
1 0.964844 0.312500 0.026562 0.075000
1 0.949219 0.266667 0.029687 0.083333
1 0.398438 0.222917 0.028125 0.068056
1 0.477734 0.222222 0.039844 0.086111
1 0.900391 0.296528 0.041406 0.087500
1 0.750000 0.338194 0.050000 0.087500
1 0.666406 0.573611 0.067187 0.100000
1 0.614453 0.386111 0.046094 0.094444
1 0.793359 0.430556 0.057031 0.088889
1 0.477344 0.200694 0.048438 0.081944
0 0.365625 0.598611 0.046875 0.091667
0 0.785156 0.109028 0.023438 0.043056
0 0.834766 0.394444 0.041406 0.088889
0 0.871875 0.041667 0.015625 0.027778
2 0.796875 0.021528 0.018750 0.031944
0 0.132031 0.402083 0.037500 0.087500
2 0.925391 0.260417 0.021094 0.040278
0 0.853516 0.022222 0.014844 0.027778
2 0.809766 0.020139 0.017969 0.031944
0 0.770703 0.463889 0.057031 0.094444
0 0.682422 0.015972 0.013281 0.029167
1 0.852344 0.013194 0.017188 0.023611
1 0.193750 0.831250 0.059375 0.081944
1 0.933594 0.552778 0.040625 0.111111
1 0.062891 0.684028 0.049219 0.090278
1 0.303125 0.431944 0.034375 0.088889
0 0.565234 0.395139 0.033594 0.070833
0 0.887891 0.241667 0.013281 0.036111
0 0.891406 0.133333 0.010937 0.022222
0 0.700000 0.621528 0.039062 0.104167
0 0.886328 0.243750 0.013281 0.031944
0 0.410547 0.607639 0.041406 0.090278
0 0.887891 0.240278 0.016406 0.033333
0 0.889844 0.633333 0.035937 0.100000
0 0.894141 0.249306 0.013281 0.031944
1 0.495703 0.443750 0.044531 0.070833
0 0.901953 0.247222 0.013281 0.036111
1 0.435156 0.856250 0.067187 0.106944
0 0.901953 0.246528 0.014844 0.037500
1 0.282422 0.159722 0.071094 0.119444
1 0.266797 0.685417 0.042969 0.120833
1 0.503125 0.545833 0.050000 0.080556
1 0.563672 0.861806 0.064844 0.101389
0 0.510938 0.263194 0.029687 0.062500
0 0.163672 0.517361 0.041406 0.098611
1 0.482422 0.871528 0.055469 0.145833
0 0.828906 0.523611 0.045312 0.133333
0 0.582812 0.927083 0.048438 0.140278
1 0.557813 0.748611 0.056250 0.138889
2 0.710156 0.570139 0.056250 0.115278
1 0.089453 0.547222 0.047656 0.108333
2 0.793359 0.572917 0.050781 0.098611
0 0.369141 0.670833 0.060156 0.152778
1 0.603516 0.751389 0.049219 0.113889
1 0.322656 0.359028 0.059375 0.070833
1 0.260937 0.590972 0.062500 0.098611
1 0.452344 0.475000 0.060937 0.105556
1 0.080859 0.968750 0.085156 0.062500
0 0.421094 0.064583 0.035937 0.068056
0 0.962500 0.688194 0.048438 0.101389
1 0.816406 0.643056 0.054688 0.125000
0 0.737109 0.550000 0.061719 0.113889
2 0.911719 0.555556 0.053125 0.141667
1 0.717578 0.645833 0.038281 0.127778
0 0.694922 0.436111 0.030469 0.102778
1 0.371484 0.514583 0.041406 0.131944
0 0.581641 0.852083 0.033594 0.106944
0 0.817187 0.627083 0.051562 0.129167
1 0.402734 0.299306 0.036719 0.065278
1 0.536328 0.825694 0.097656 0.129167
0 0.498828 0.175694 0.035156 0.068056
2 0.300781 0.247222 0.040625 0.069444
